variant,duration_seconds,fold,raw_pa_id,session_uid,end_time,source_row_end,fms_bin,missing_slice,near_update_event,flat_interval,y_true,y_pred,update_event_true,future_5s_delta_true,future_10s_delta_true,event_score,future_5s_delta_pred,future_10s_delta_pred,curve_rank,session_mae
multitask,10.0,1,PA36,PA36_Reverse_Optical_Flow_Foward_Texture_2_18_01_PM,10.10593,19,0-5,complete_dynamic,0,1,3.0,2.3777124881744385,0.0,0.0,0.0,0.3626791536808014,0.3122168183326721,0.6327937841415405,low_error,1.14270724295491
multitask,10.0,1,PA36,PA36_Reverse_Optical_Flow_Foward_Texture_2_18_01_PM,10.61928,20,0-5,complete_dynamic,0,1,3.0,1.923405408859253,0.0,0.0,0.0,0.3436400592327118,0.3298843801021576,0.6813364624977112,low_error,1.14270724295491
multitask,10.0,1,PA36,PA36_Reverse_Optical_Flow_Foward_Texture_2_18_01_PM,11.13262,21,0-5,complete_dynamic,0,1,3.0,1.7435734272003174,0.0,0.0,0.0,0.33915287256240845,0.32636117935180664,0.6877238154411316,low_error,1.14270724295491
multitask,10.0,1,PA36,PA36_Reverse_Optical_Flow_Foward_Texture_2_18_01_PM,11.63412,22,0-5,complete_dynamic,0,1,3.0,1.633352518081665,0.0,0.0,0.0,0.34114572405815125,0.3047466278076172,0.6583947539329529,low_error,1.14270724295491
multitask,10.0,1,PA36,PA36_Reverse_Optical_Flow_Foward_Texture_2_18_01_PM,12.14777,23,0-5,complete_dynamic,0,1,3.0,1.4699153900146484,0.0,0.0,0.0,0.3404961824417114,0.2780480682849884,0.6262326836585999,low_error,1.14270724295491
multitask,10.0,1,PA36,PA36_Reverse_Optical_Flow_Foward_Texture_2_18_01_PM,12.66412,24,0-5,complete_dynamic,0,1,3.0,1.1895573139190674,0.0,0.0,0.0,0.3372010886669159,0.24310876429080963,0.5932763814926147,low_error,1.14270724295491
multitask,10.0,1,PA36,PA36_Reverse_Optical_Flow_Foward_Texture_2_18_01_PM,13.16513,25,0-5,complete_dynamic,0,1,3.0,0.9466712474822998,0.0,0.0,0.0,0.3314751088619232,0.22580237686634064,0.5844237804412842,low_error,1.14270724295491
multitask,10.0,1,PA36,PA36_Reverse_Optical_Flow_Foward_Texture_2_18_01_PM,13.67617,26,0-5,complete_dynamic,0,1,3.0,0.9038333892822266,0.0,0.0,0.0,0.33152157068252563,0.2142711728811264,0.5691483020782471,low_error,1.14270724295491
multitask,10.0,1,PA36,PA36_Reverse_Optical_Flow_Foward_Texture_2_18_01_PM,14.18814,27,0-5,complete_dynamic,0,1,3.0,0.847736120223999,0.0,0.0,0.0,0.32937559485435486,0.20891402661800385,0.5648524165153503,low_error,1.14270724295491
multitask,10.0,1,PA36,PA36_Reverse_Optical_Flow_Foward_Texture_2_18_01_PM,14.68944,28,0-5,complete_dynamic,0,1,3.0,0.8849484920501709,0.0,0.0,0.0,0.33010539412498474,0.2014952301979065,0.551428496837616,low_error,1.14270724295491
multitask,10.0,1,PA36,PA36_Reverse_Optical_Flow_Foward_Texture_2_18_01_PM,15.19252,29,0-5,complete_dynamic,0,1,3.0,0.9177005290985107,0.0,0.0,0.0,0.3309188783168793,0.1962716430425644,0.5403330326080322,low_error,1.14270724295491
multitask,10.0,1,PA36,PA36_Reverse_Optical_Flow_Foward_Texture_2_18_01_PM,15.70253,30,0-5,complete_dynamic,0,1,3.0,0.9948422908782959,0.0,0.0,0.0,0.33299410343170166,0.1882311999797821,0.5238928198814392,low_error,1.14270724295491
multitask,10.0,1,PA36,PA36_Reverse_Optical_Flow_Foward_Texture_2_18_01_PM,16.20289,31,0-5,complete_dynamic,0,1,3.0,0.9694771766662598,0.0,0.0,0.0,0.33131179213523865,0.19281481206417084,0.5324521064758301,low_error,1.14270724295491
multitask,10.0,1,PA36,PA36_Reverse_Optical_Flow_Foward_Texture_2_18_01_PM,16.7036,32,0-5,complete_dynamic,0,1,3.0,0.9894044399261475,0.0,0.0,0.0,0.32635682821273804,0.20486368238925934,0.5668163299560547,low_error,1.14270724295491
multitask,10.0,1,PA36,PA36_Reverse_Optical_Flow_Foward_Texture_2_18_01_PM,17.21709,33,0-5,complete_dynamic,0,1,3.0,0.9873998165130615,0.0,0.0,0.0,0.32288339734077454,0.2260485142469406,0.60197913646698,low_error,1.14270724295491
multitask,10.0,1,PA36,PA36_Reverse_Optical_Flow_Foward_Texture_2_18_01_PM,17.71778,34,0-5,complete_dynamic,0,1,3.0,0.9627904891967773,0.0,0.0,0.0,0.31979915499687195,0.24555902183055878,0.6327582597732544,low_error,1.14270724295491
multitask,10.0,1,PA36,PA36_Reverse_Optical_Flow_Foward_Texture_2_18_01_PM,18.23027,35,0-5,complete_dynamic,0,1,3.0,0.9444217681884766,0.0,0.0,0.0,0.31846901774406433,0.25787976384162903,0.6486718058586121,low_error,1.14270724295491
multitask,10.0,1,PA36,PA36_Reverse_Optical_Flow_Foward_Texture_2_18_01_PM,18.73419,36,0-5,complete_dynamic,0,1,3.0,0.9339454174041748,0.0,0.0,0.0,0.3174029290676117,0.26746657490730286,0.6604880690574646,low_error,1.14270724295491
multitask,10.0,1,PA36,PA36_Reverse_Optical_Flow_Foward_Texture_2_18_01_PM,19.24483,37,0-5,complete_dynamic,0,1,3.0,1.0298948287963867,0.0,0.0,0.0,0.32042333483695984,0.2693704068660736,0.6533374190330505,low_error,1.14270724295491
multitask,10.0,1,PA36,PA36_Reverse_Optical_Flow_Foward_Texture_2_18_01_PM,19.75839,38,0-5,complete_dynamic,0,1,3.0,1.216923475265503,0.0,0.0,0.0,0.32475706934928894,0.27361777424812317,0.6448445916175842,low_error,1.14270724295491
multitask,10.0,1,PA36,PA36_Reverse_Optical_Flow_Foward_Texture_2_18_01_PM,20.2587,39,0-5,complete_dynamic,0,1,3.0,1.5211460590362549,0.0,0.0,0.0,0.33356964588165283,0.27722421288490295,0.6246283054351807,low_error,1.14270724295491
multitask,10.0,1,PA36,PA36_Reverse_Optical_Flow_Foward_Texture_2_18_01_PM,20.77135,40,0-5,complete_dynamic,0,1,3.0,1.8285150527954102,0.0,0.0,0.0,0.34276992082595825,0.29390236735343933,0.6186296343803406,low_error,1.14270724295491
multitask,10.0,1,PA36,PA36_Reverse_Optical_Flow_Foward_Texture_2_18_01_PM,21.27141,41,0-5,complete_dynamic,0,1,3.0,1.9933104515075684,0.0,0.0,0.0,0.3499617278575897,0.31573933362960815,0.6235794425010681,low_error,1.14270724295491
multitask,10.0,1,PA36,PA36_Reverse_Optical_Flow_Foward_Texture_2_18_01_PM,21.77195,42,0-5,complete_dynamic,0,1,3.0,2.0375335216522217,0.0,0.0,0.0,0.3524768650531769,0.3260335326194763,0.6297765374183655,low_error,1.14270724295491
multitask,10.0,1,PA36,PA36_Reverse_Optical_Flow_Foward_Texture_2_18_01_PM,22.28656,43,0-5,complete_dynamic,0,1,3.0,2.042644500732422,0.0,0.0,0.0,0.35440292954444885,0.334568589925766,0.6336355805397034,low_error,1.14270724295491
multitask,10.0,1,PA36,PA36_Reverse_Optical_Flow_Foward_Texture_2_18_01_PM,22.79879,44,0-5,complete_dynamic,0,1,3.0,2.075047254562378,0.0,0.0,0.0,0.35272273421287537,0.3219340145587921,0.6361318230628967,low_error,1.14270724295491
multitask,10.0,1,PA36,PA36_Reverse_Optical_Flow_Foward_Texture_2_18_01_PM,23.29916,45,0-5,complete_dynamic,0,1,3.0,2.0971226692199707,0.0,0.0,0.0,0.35328394174575806,0.31526708602905273,0.6293869018554688,low_error,1.14270724295491
multitask,10.0,1,PA36,PA36_Reverse_Optical_Flow_Foward_Texture_2_18_01_PM,23.79981,46,0-5,complete_dynamic,0,1,3.0,2.1088244915008545,0.0,0.0,0.0,0.3517674505710602,0.3060118854045868,0.6260048151016235,low_error,1.14270724295491
multitask,10.0,1,PA36,PA36_Reverse_Optical_Flow_Foward_Texture_2_18_01_PM,24.30044,47,0-5,complete_dynamic,0,1,3.0,2.1533761024475098,0.0,0.0,0.0,0.35258394479751587,0.2972381114959717,0.6137132048606873,low_error,1.14270724295491
multitask,10.0,1,PA36,PA36_Reverse_Optical_Flow_Foward_Texture_2_18_01_PM,24.802,48,0-5,complete_dynamic,0,1,3.0,2.2085022926330566,0.0,0.0,0.0,0.3540418744087219,0.2933804988861084,0.6046192049980164,low_error,1.14270724295491
multitask,10.0,1,PA36,PA36_Reverse_Optical_Flow_Foward_Texture_2_18_01_PM,25.31223,49,0-5,complete_dynamic,0,1,3.0,2.268984079360962,0.0,0.0,0.0,0.3557203710079193,0.29390403628349304,0.5996679663658142,low_error,1.14270724295491
multitask,10.0,1,PA36,PA36_Reverse_Optical_Flow_Foward_Texture_2_18_01_PM,25.81242,50,0-5,complete_dynamic,0,1,3.0,2.349858283996582,0.0,0.0,0.0,0.3593895733356476,0.29761627316474915,0.590935230255127,low_error,1.14270724295491
multitask,10.0,1,PA36,PA36_Reverse_Optical_Flow_Foward_Texture_2_18_01_PM,26.31286,51,0-5,complete_dynamic,0,1,3.0,2.3975110054016113,0.0,0.0,0.0,0.36257269978523254,0.30667316913604736,0.5890862941741943,low_error,1.14270724295491
multitask,10.0,1,PA36,PA36_Reverse_Optical_Flow_Foward_Texture_2_18_01_PM,26.81301,52,0-5,complete_dynamic,0,1,3.0,2.453071117401123,0.0,0.0,0.0,0.3673017621040344,0.32769775390625,0.5978044867515564,low_error,1.14270724295491
multitask,10.0,1,PA36,PA36_Reverse_Optical_Flow_Foward_Texture_2_18_01_PM,27.33078,53,0-5,complete_dynamic,0,1,3.0,2.514070510864258,0.0,0.0,0.0,0.3733307123184204,0.34795820713043213,0.6028563380241394,low_error,1.14270724295491
multitask,10.0,1,PA36,PA36_Reverse_Optical_Flow_Foward_Texture_2_18_01_PM,27.84175,54,0-5,complete_dynamic,0,1,3.0,2.5471744537353516,0.0,0.0,0.0,0.37928640842437744,0.36945849657058716,0.6096826195716858,low_error,1.14270724295491
multitask,10.0,1,PA36,PA36_Reverse_Optical_Flow_Foward_Texture_2_18_01_PM,28.34205,55,0-5,complete_dynamic,0,1,3.0,2.557011604309082,0.0,0.0,0.0,0.38418319821357727,0.38518303632736206,0.6137694716453552,low_error,1.14270724295491
multitask,10.0,1,PA36,PA36_Reverse_Optical_Flow_Foward_Texture_2_18_01_PM,28.85548,56,0-5,complete_dynamic,0,1,3.0,2.6373891830444336,0.0,0.0,0.0,0.3906547725200653,0.3834446966648102,0.5945494771003723,low_error,1.14270724295491
multitask,10.0,1,PA36,PA36_Reverse_Optical_Flow_Foward_Texture_2_18_01_PM,29.3565,57,0-5,complete_dynamic,0,1,3.0,2.7497498989105225,0.0,0.0,0.0,0.3973132371902466,0.3710841238498688,0.5625696778297424,low_error,1.14270724295491
multitask,10.0,1,PA36,PA36_Reverse_Optical_Flow_Foward_Texture_2_18_01_PM,29.86757,58,0-5,complete_dynamic,0,1,3.0,2.855954885482788,0.0,0.0,0.0,0.40396153926849365,0.35777297616004944,0.5296655297279358,low_error,1.14270724295491
multitask,10.0,1,PA36,PA36_Reverse_Optical_Flow_Foward_Texture_2_18_01_PM,30.36811,59,0-5,complete_dynamic,0,1,3.0,2.9390056133270264,0.0,0.0,0.0,0.4104638993740082,0.35048210620880127,0.5009352564811707,low_error,1.14270724295491
multitask,10.0,1,PA36,PA36_Reverse_Optical_Flow_Foward_Texture_2_18_01_PM,30.87206,60,0-5,complete_dynamic,0,1,3.0,3.0069892406463623,0.0,0.0,0.0,0.41589653491973877,0.33780133724212646,0.47019731998443604,low_error,1.14270724295491
multitask,10.0,1,PA36,PA36_Reverse_Optical_Flow_Foward_Texture_2_18_01_PM,31.38249,61,0-5,complete_dynamic,0,1,3.0,3.1382205486297607,0.0,0.0,0.0,0.42395102977752686,0.3133329451084137,0.4186079800128937,low_error,1.14270724295491
multitask,10.0,1,PA36,PA36_Reverse_Optical_Flow_Foward_Texture_2_18_01_PM,31.88275,62,0-5,complete_dynamic,0,1,3.0,3.2658259868621826,0.0,0.0,1.0,0.43033531308174133,0.28156256675720215,0.36260223388671875,low_error,1.14270724295491
multitask,10.0,1,PA36,PA36_Reverse_Optical_Flow_Foward_Texture_2_18_01_PM,32.38283,63,0-5,complete_dynamic,0,1,3.0,3.3563122749328613,0.0,0.0,1.0,0.43451690673828125,0.2515908181667328,0.3127036988735199,low_error,1.14270724295491
multitask,10.0,1,PA36,PA36_Reverse_Optical_Flow_Foward_Texture_2_18_01_PM,32.89626,64,0-5,complete_dynamic,0,1,3.0,3.3609514236450195,0.0,0.0,1.0,0.43505215644836426,0.22824929654598236,0.2814894914627075,low_error,1.14270724295491
multitask,10.0,1,PA36,PA36_Reverse_Optical_Flow_Foward_Texture_2_18_01_PM,33.39942,65,0-5,complete_dynamic,0,1,3.0,3.3436191082000732,0.0,0.0,1.0,0.43311867117881775,0.20824049413204193,0.2605169713497162,low_error,1.14270724295491
multitask,10.0,1,PA36,PA36_Reverse_Optical_Flow_Foward_Texture_2_18_01_PM,33.91009,66,0-5,complete_dynamic,0,1,3.0,3.2924818992614746,0.0,0.0,1.0,0.4291330873966217,0.19070687890052795,0.24847017228603363,low_error,1.14270724295491
multitask,10.0,1,PA36,PA36_Reverse_Optical_Flow_Foward_Texture_2_18_01_PM,34.42479,67,0-5,complete_dynamic,0,1,3.0,3.226576328277588,0.0,0.0,1.0,0.424070805311203,0.17593468725681305,0.24397800862789154,low_error,1.14270724295491
multitask,10.0,1,PA36,PA36_Reverse_Optical_Flow_Foward_Texture_2_18_01_PM,34.93824,68,0-5,complete_dynamic,0,1,3.0,3.152656316757202,0.0,0.0,1.0,0.4183618128299713,0.16358090937137604,0.24562960863113403,low_error,1.14270724295491
multitask,10.0,1,PA36,PA36_Reverse_Optical_Flow_Foward_Texture_2_18_01_PM,35.43837,69,0-5,complete_dynamic,0,1,3.0,3.1068241596221924,0.0,0.0,1.0,0.4122675061225891,0.14778514206409454,0.24482031166553497,low_error,1.14270724295491
multitask,10.0,1,PA36,PA36_Reverse_Optical_Flow_Foward_Texture_2_18_01_PM,35.93843,70,0-5,complete_dynamic,0,1,3.0,3.125300884246826,0.0,0.0,1.0,0.4091840982437134,0.13132639229297638,0.23663844168186188,low_error,1.14270724295491
multitask,10.0,1,PA36,PA36_Reverse_Optical_Flow_Foward_Texture_2_18_01_PM,36.43847,71,0-5,complete_dynamic,0,1,3.0,3.1992740631103516,0.0,0.0,1.0,0.4083249866962433,0.11531312763690948,0.22349679470062256,low_error,1.14270724295491
multitask,10.0,1,PA36,PA36_Reverse_Optical_Flow_Foward_Texture_2_18_01_PM,36.95485,72,0-5,complete_dynamic,0,1,3.0,3.2619688510894775,0.0,1.0,1.0,0.4076663851737976,0.10692484676837921,0.21878400444984436,low_error,1.14270724295491
multitask,10.0,1,PA36,PA36_Reverse_Optical_Flow_Foward_Texture_2_18_01_PM,37.46567,73,0-5,complete_dynamic,0,1,3.0,3.3086159229278564,0.0,1.0,1.0,0.40816545486450195,0.10745276510715485,0.22238773107528687,low_error,1.14270724295491
multitask,10.0,1,PA36,PA36_Reverse_Optical_Flow_Foward_Texture_2_18_01_PM,37.96644,74,0-5,complete_dynamic,0,1,3.0,3.3311991691589355,0.0,1.0,1.0,0.40730810165405273,0.11307720839977264,0.2346293032169342,low_error,1.14270724295491
multitask,10.0,1,PA36,PA36_Reverse_Optical_Flow_Foward_Texture_2_18_01_PM,38.47937,75,0-5,complete_dynamic,0,1,3.0,3.3519914150238037,0.0,1.0,1.0,0.407990425825119,0.12271839380264282,0.2474479079246521,low_error,1.14270724295491
multitask,10.0,1,PA36,PA36_Reverse_Optical_Flow_Foward_Texture_2_18_01_PM,38.97979,76,0-5,complete_dynamic,0,1,3.0,3.3379013538360596,0.0,1.0,1.0,0.40734410285949707,0.1346869319677353,0.2659827768802643,low_error,1.14270724295491
multitask,10.0,1,PA36,PA36_Reverse_Optical_Flow_Foward_Texture_2_18_01_PM,39.48317,77,0-5,complete_dynamic,0,1,3.0,3.184293746948242,0.0,1.0,1.0,0.39536499977111816,0.22878216207027435,0.41659995913505554,low_error,1.14270724295491
multitask,10.0,1,PA36,PA36_Reverse_Optical_Flow_Foward_Texture_2_18_01_PM,39.99333,78,0-5,complete_dynamic,0,1,3.0,2.744530200958252,0.0,1.0,1.0,0.38223370909690857,0.278199166059494,0.4993482828140259,low_error,1.14270724295491
multitask,10.0,1,PA36,PA36_Reverse_Optical_Flow_Foward_Texture_2_18_01_PM,40.49362,79,0-5,complete_dynamic,0,1,3.0,2.6303439140319824,0.0,1.0,1.0,0.3769599199295044,0.2884448766708374,0.5204737186431885,low_error,1.14270724295491
multitask,10.0,1,PA36,PA36_Reverse_Optical_Flow_Foward_Texture_2_18_01_PM,41.00668,80,0-5,complete_dynamic,0,1,3.0,2.412609577178955,0.0,1.0,1.0,0.37426066398620605,0.2767048478126526,0.5060446858406067,low_error,1.14270724295491
multitask,10.0,1,PA36,PA36_Reverse_Optical_Flow_Foward_Texture_2_18_01_PM,41.50716,81,0-5,complete_dynamic,0,1,3.0,2.144598960876465,0.0,1.0,1.0,0.3712262809276581,0.2582053244113922,0.4928915798664093,low_error,1.14270724295491
multitask,10.0,1,PA36,PA36_Reverse_Optical_Flow_Foward_Texture_2_18_01_PM,42.02058,82,0-5,complete_dynamic,1,0,4.0,1.9210292100906372,1.0,0.0,0.0,0.36848801374435425,0.24269841611385345,0.4868978261947632,low_error,1.14270724295491
multitask,10.0,1,PA36,PA36_Reverse_Optical_Flow_Foward_Texture_2_18_01_PM,42.52088,83,0-5,complete_dynamic,0,1,4.0,1.7296748161315918,0.0,0.0,0.0,0.3649691939353943,0.23339591920375824,0.49181222915649414,low_error,1.14270724295491
multitask,10.0,1,PA36,PA36_Reverse_Optical_Flow_Foward_Texture_2_18_01_PM,43.02218,84,0-5,complete_dynamic,0,1,4.0,1.6389970779418945,0.0,0.0,0.0,0.36439967155456543,0.22299961745738983,0.4882069230079651,low_error,1.14270724295491
multitask,10.0,1,PA36,PA36_Reverse_Optical_Flow_Foward_Texture_2_18_01_PM,43.53488,85,0-5,complete_dynamic,0,1,4.0,1.678588628768921,0.0,0.0,0.0,0.3675723373889923,0.20557065308094025,0.46325600147247314,low_error,1.14270724295491
multitask,10.0,1,PA36,PA36_Reverse_Optical_Flow_Foward_Texture_2_18_01_PM,44.04831,86,0-5,complete_dynamic,0,1,4.0,1.8311622142791748,0.0,0.0,0.0,0.3745363652706146,0.18112243711948395,0.4181569516658783,low_error,1.14270724295491
multitask,10.0,1,PA36,PA36_Reverse_Optical_Flow_Foward_Texture_2_18_01_PM,44.55473,87,0-5,complete_dynamic,0,1,4.0,2.013235330581665,0.0,0.0,0.0,0.381035715341568,0.15468382835388184,0.36837831139564514,low_error,1.14270724295491
multitask,10.0,1,PA36,PA36_Reverse_Optical_Flow_Foward_Texture_2_18_01_PM,45.06101,88,0-5,complete_dynamic,0,1,4.0,2.146754741668701,0.0,0.0,0.0,0.38464975357055664,0.13394208252429962,0.3308262526988983,low_error,1.14270724295491
multitask,10.0,1,PA36,PA36_Reverse_Optical_Flow_Foward_Texture_2_18_01_PM,45.56615,89,0-5,complete_dynamic,0,1,4.0,2.2222647666931152,0.0,0.0,0.0,0.3867317736148834,0.12287880480289459,0.3111621141433716,low_error,1.14270724295491
multitask,10.0,1,PA36,PA36_Reverse_Optical_Flow_Foward_Texture_2_18_01_PM,46.07597,90,0-5,complete_dynamic,0,1,4.0,2.3027191162109375,0.0,0.0,0.0,0.38646209239959717,0.10147102177143097,0.29564109444618225,low_error,1.14270724295491
multitask,10.0,1,PA36,PA36_Reverse_Optical_Flow_Foward_Texture_2_18_01_PM,46.57644,91,0-5,complete_dynamic,0,1,4.0,2.4730477333068848,0.0,0.0,0.0,0.39107343554496765,0.09119874238967896,0.274821937084198,low_error,1.14270724295491
multitask,10.0,1,PA36,PA36_Reverse_Optical_Flow_Foward_Texture_2_18_01_PM,47.07664,92,0-5,complete_dynamic,0,1,4.0,2.6329684257507324,0.0,0.0,0.0,0.39210745692253113,0.09096719324588776,0.27182233333587646,low_error,1.14270724295491
multitask,10.0,1,PA36,PA36_Reverse_Optical_Flow_Foward_Texture_2_18_01_PM,47.59339,93,0-5,complete_dynamic,0,1,4.0,2.786041736602783,0.0,0.0,0.0,0.39202019572257996,0.09348730742931366,0.2755548357963562,low_error,1.14270724295491
multitask,10.0,1,PA36,PA36_Reverse_Optical_Flow_Foward_Texture_2_18_01_PM,48.10426,94,0-5,complete_dynamic,0,1,4.0,2.78415584564209,0.0,0.0,0.0,0.3881092071533203,0.10450239479541779,0.2963421940803528,low_error,1.14270724295491
multitask,10.0,1,PA36,PA36_Reverse_Optical_Flow_Foward_Texture_2_18_01_PM,48.60439,95,0-5,complete_dynamic,0,1,4.0,2.7401506900787354,0.0,0.0,0.0,0.38411465287208557,0.1147221177816391,0.3171360492706299,low_error,1.14270724295491
multitask,10.0,1,PA36,PA36_Reverse_Optical_Flow_Foward_Texture_2_18_01_PM,49.1188,96,0-5,complete_dynamic,0,1,4.0,2.985672950744629,0.0,0.0,0.0,0.3917829096317291,0.09606446325778961,0.2719167470932007,low_error,1.14270724295491
multitask,10.0,1,PA36,PA36_Reverse_Optical_Flow_Foward_Texture_2_18_01_PM,49.6314,97,0-5,complete_dynamic,0,1,4.0,2.904869556427002,0.0,0.0,0.0,0.3891376554965973,0.1205776184797287,0.29017189145088196,low_error,1.14270724295491
multitask,10.0,1,PA36,PA36_Reverse_Optical_Flow_Foward_Texture_2_18_01_PM,50.13187,98,0-5,complete_dynamic,0,1,4.0,2.8862504959106445,0.0,0.0,0.0,0.38758882880210876,0.13836681842803955,0.3155252933502197,low_error,1.14270724295491
multitask,10.0,1,PA36,PA36_Reverse_Optical_Flow_Foward_Texture_2_18_01_PM,50.63416,99,0-5,complete_dynamic,0,1,4.0,2.8676819801330566,0.0,0.0,0.0,0.3856322169303894,0.15912607312202454,0.346751868724823,low_error,1.14270724295491
multitask,10.0,1,PA36,PA36_Reverse_Optical_Flow_Foward_Texture_2_18_01_PM,51.14607,100,0-5,complete_dynamic,0,1,4.0,2.84415864944458,0.0,0.0,0.0,0.3837147057056427,0.1810692548751831,0.38048791885375977,low_error,1.14270724295491
multitask,10.0,1,PA36,PA36_Reverse_Optical_Flow_Foward_Texture_2_18_01_PM,51.65945,101,0-5,complete_dynamic,0,1,4.0,2.8134398460388184,0.0,0.0,0.0,0.38194355368614197,0.19764472544193268,0.4068891108036041,low_error,1.14270724295491
multitask,10.0,1,PA36,PA36_Reverse_Optical_Flow_Foward_Texture_2_18_01_PM,52.17226,102,0-5,complete_dynamic,0,1,4.0,2.8293275833129883,0.0,0.0,0.0,0.3822522759437561,0.2065943032503128,0.417880654335022,low_error,1.14270724295491
multitask,10.0,1,PA36,PA36_Reverse_Optical_Flow_Foward_Texture_2_18_01_PM,52.67255,103,0-5,complete_dynamic,0,1,4.0,2.93056583404541,0.0,0.0,0.0,0.38629287481307983,0.20108939707279205,0.4045020341873169,low_error,1.14270724295491
multitask,10.0,1,PA36,PA36_Reverse_Optical_Flow_Foward_Texture_2_18_01_PM,53.18716,104,0-5,complete_dynamic,0,1,4.0,2.966660499572754,0.0,0.0,0.0,0.38763609528541565,0.20098653435707092,0.40130355954170227,low_error,1.14270724295491
multitask,10.0,1,PA36,PA36_Reverse_Optical_Flow_Foward_Texture_2_18_01_PM,53.68781,105,0-5,complete_dynamic,0,1,4.0,2.973633289337158,0.0,0.0,0.0,0.3871849775314331,0.2067704051733017,0.4092380404472351,low_error,1.14270724295491
multitask,10.0,1,PA36,PA36_Reverse_Optical_Flow_Foward_Texture_2_18_01_PM,54.2015,106,0-5,complete_dynamic,0,1,4.0,2.946436882019043,0.0,0.0,0.0,0.3856148421764374,0.21770553290843964,0.4245065450668335,low_error,1.14270724295491
multitask,10.0,1,PA36,PA36_Reverse_Optical_Flow_Foward_Texture_2_18_01_PM,54.70205,107,0-5,complete_dynamic,0,1,4.0,2.9185733795166016,0.0,0.0,0.0,0.38382723927497864,0.22713805735111237,0.4380267858505249,low_error,1.14270724295491
multitask,10.0,1,PA36,PA36_Reverse_Optical_Flow_Foward_Texture_2_18_01_PM,55.21875,108,0-5,complete_dynamic,0,1,4.0,2.972836971282959,0.0,0.0,0.0,0.38600796461105347,0.23282651603221893,0.43570512533187866,low_error,1.14270724295491
multitask,10.0,1,PA36,PA36_Reverse_Optical_Flow_Foward_Texture_2_18_01_PM,55.72804,109,0-5,complete_dynamic,0,1,4.0,2.968794107437134,0.0,0.0,0.0,0.38594305515289307,0.24341489374637604,0.44402456283569336,low_error,1.14270724295491
multitask,10.0,1,PA36,PA36_Reverse_Optical_Flow_Foward_Texture_2_18_01_PM,56.2285,110,0-5,complete_dynamic,0,1,4.0,3.0646915435791016,0.0,0.0,0.0,0.38946735858917236,0.2482796162366867,0.43736058473587036,low_error,1.14270724295491
multitask,10.0,1,PA36,PA36_Reverse_Optical_Flow_Foward_Texture_2_18_01_PM,56.74359,111,0-5,complete_dynamic,0,1,4.0,3.081916093826294,0.0,0.0,0.0,0.3905147314071655,0.2587926983833313,0.44282016158103943,low_error,1.14270724295491
multitask,10.0,1,PA36,PA36_Reverse_Optical_Flow_Foward_Texture_2_18_01_PM,57.25559,112,0-5,complete_dynamic,0,1,4.0,3.113016366958618,0.0,0.0,0.0,0.3928004503250122,0.2637639045715332,0.4406161308288574,low_error,1.14270724295491
multitask,10.0,1,PA36,PA36_Reverse_Optical_Flow_Foward_Texture_2_18_01_PM,57.75592,113,0-5,complete_dynamic,0,1,4.0,3.1492466926574707,0.0,0.0,0.0,0.39656680822372437,0.2653665244579315,0.432446151971817,low_error,1.14270724295491
multitask,10.0,1,PA36,PA36_Reverse_Optical_Flow_Foward_Texture_2_18_01_PM,58.26908,114,0-5,complete_dynamic,0,1,4.0,3.24837589263916,0.0,0.0,0.0,0.4040748178958893,0.26473814249038696,0.41241544485092163,low_error,1.14270724295491
multitask,10.0,1,PA36,PA36_Reverse_Optical_Flow_Foward_Texture_2_18_01_PM,58.77299,115,0-5,complete_dynamic,0,1,4.0,3.3516440391540527,0.0,0.0,0.0,0.41318413615226746,0.2789834439754486,0.4049880802631378,low_error,1.14270724295491
multitask,10.0,1,PA36,PA36_Reverse_Optical_Flow_Foward_Texture_2_18_01_PM,59.28406,116,0-5,complete_dynamic,0,1,4.0,3.441450357437134,0.0,0.0,0.0,0.4218028783798218,0.2924446761608124,0.3979434370994568,low_error,1.14270724295491
multitask,10.0,1,PA36,PA36_Reverse_Optical_Flow_Foward_Texture_2_18_01_PM,59.7981,117,0-5,complete_dynamic,0,1,4.0,3.4607982635498047,0.0,0.0,0.0,0.42661312222480774,0.3030019998550415,0.3984762728214264,low_error,1.14270724295491
multitask,10.0,1,PA36,PA36_Reverse_Optical_Flow_Foward_Texture_2_18_01_PM,60.2994,118,0-5,complete_dynamic,0,1,4.0,3.4382922649383545,0.0,0.0,0.0,0.4224051535129547,0.2861078083515167,0.3985888957977295,low_error,1.14270724295491
multitask,10.0,1,PA36,PA36_Reverse_Optical_Flow_Foward_Texture_2_18_01_PM,60.81097,119,0-5,complete_dynamic,0,1,4.0,3.4359593391418457,0.0,0.0,0.0,0.4219468832015991,0.27823472023010254,0.39270877838134766,low_error,1.14270724295491
multitask,10.0,1,PA36,PA36_Reverse_Optical_Flow_Foward_Texture_2_18_01_PM,61.31169,120,0-5,complete_dynamic,0,1,4.0,3.4606573581695557,0.0,0.0,0.0,0.422146737575531,0.2698809802532196,0.38357165455818176,low_error,1.14270724295491
multitask,10.0,1,PA36,PA36_Reverse_Optical_Flow_Foward_Texture_2_18_01_PM,61.81189,121,0-5,complete_dynamic,0,1,4.0,3.50030779838562,0.0,0.0,0.0,0.42247557640075684,0.2614416182041168,0.3738009035587311,low_error,1.14270724295491
multitask,10.0,1,PA36,PA36_Reverse_Optical_Flow_Foward_Texture_2_18_01_PM,62.32618,122,0-5,complete_dynamic,0,1,4.0,3.5621018409729004,0.0,0.0,0.0,0.42359551787376404,0.25139930844306946,0.35863393545150757,low_error,1.14270724295491
multitask,10.0,1,PA36,PA36_Reverse_Optical_Flow_Foward_Texture_2_18_01_PM,62.83941,123,0-5,complete_dynamic,0,1,4.0,3.6098287105560303,0.0,0.0,0.0,0.42409563064575195,0.24392609298229218,0.3475583791732788,low_error,1.14270724295491
multitask,10.0,1,PA36,PA36_Reverse_Optical_Flow_Foward_Texture_2_18_01_PM,63.35251,124,0-5,complete_dynamic,0,1,4.0,3.6265430450439453,0.0,0.0,0.0,0.42464253306388855,0.24403072893619537,0.34454119205474854,low_error,1.14270724295491
multitask,10.0,1,PA36,PA36_Reverse_Optical_Flow_Foward_Texture_2_18_01_PM,63.85328,125,0-5,complete_dynamic,0,1,4.0,3.6089682579040527,0.0,0.0,0.0,0.4256371557712555,0.2551557421684265,0.3528750538825989,low_error,1.14270724295491
multitask,10.0,1,PA36,PA36_Reverse_Optical_Flow_Foward_Texture_2_18_01_PM,64.36688,126,0-5,complete_dynamic,0,1,4.0,3.6007699966430664,0.0,0.0,-1.0,0.42712733149528503,0.263840913772583,0.3577347695827484,low_error,1.14270724295491
multitask,10.0,1,PA36,PA36_Reverse_Optical_Flow_Foward_Texture_2_18_01_PM,64.87089,127,0-5,complete_dynamic,0,1,4.0,3.5603508949279785,0.0,0.0,-3.0,0.4278050363063812,0.2738349139690399,0.36649009585380554,low_error,1.14270724295491
multitask,10.0,1,PA36,PA36_Reverse_Optical_Flow_Foward_Texture_2_18_01_PM,65.38158,128,0-5,complete_dynamic,0,1,4.0,3.519643783569336,0.0,0.0,-3.0,0.4272730052471161,0.27655836939811707,0.3712843656539917,low_error,1.14270724295491
multitask,10.0,1,PA36,PA36_Reverse_Optical_Flow_Foward_Texture_2_18_01_PM,65.88185,129,0-5,complete_dynamic,0,1,4.0,3.493152618408203,0.0,0.0,-4.0,0.4268577992916107,0.26606252789497375,0.3610846698284149,low_error,1.14270724295491
multitask,10.0,1,PA36,PA36_Reverse_Optical_Flow_Foward_Texture_2_18_01_PM,66.38192,130,0-5,complete_dynamic,0,1,4.0,3.4945991039276123,0.0,0.0,-4.0,0.4272511601448059,0.24600325524806976,0.33853816986083984,low_error,1.14270724295491
multitask,10.0,1,PA36,PA36_Reverse_Optical_Flow_Foward_Texture_2_18_01_PM,66.88239,131,0-5,complete_dynamic,0,1,4.0,3.8611912727355957,0.0,0.0,-4.0,0.45907527208328247,0.26747432351112366,0.2772951126098633,low_error,1.14270724295491
multitask,10.0,1,PA36,PA36_Reverse_Optical_Flow_Foward_Texture_2_18_01_PM,67.38253,132,0-5,complete_dynamic,0,1,4.0,4.59835958480835,0.0,0.0,-4.0,0.5002360343933105,0.23941420018672943,0.16529466211795807,low_error,1.14270724295491
multitask,10.0,1,PA36,PA36_Reverse_Optical_Flow_Foward_Texture_2_18_01_PM,67.89531,133,0-5,complete_dynamic,0,1,4.0,4.712563514709473,0.0,0.0,-4.0,0.4964982569217682,0.20197026431560516,0.1286328136920929,low_error,1.14270724295491
multitask,10.0,1,PA36,PA36_Reverse_Optical_Flow_Foward_Texture_2_18_01_PM,68.39675,134,0-5,complete_dynamic,0,1,4.0,4.557642936706543,0.0,0.0,-4.0,0.48218560218811035,0.18018490076065063,0.1371496021747589,low_error,1.14270724295491
multitask,10.0,1,PA36,PA36_Reverse_Optical_Flow_Foward_Texture_2_18_01_PM,68.90847,135,0-5,complete_dynamic,0,1,4.0,4.366052627563477,0.0,0.0,-4.0,0.4666338562965393,0.16798117756843567,0.16380783915519714,low_error,1.14270724295491
multitask,10.0,1,PA36,PA36_Reverse_Optical_Flow_Foward_Texture_2_18_01_PM,69.40852,136,0-5,complete_dynamic,0,1,4.0,4.380667686462402,0.0,-1.0,-4.0,0.4593629240989685,0.1526932269334793,0.1700570434331894,low_error,1.14270724295491
multitask,10.0,1,PA36,PA36_Reverse_Optical_Flow_Foward_Texture_2_18_01_PM,69.90934,137,0-5,complete_dynamic,0,1,4.0,4.938755035400391,0.0,-3.0,-4.0,0.4722355008125305,0.12333837151527405,0.11984780430793762,low_error,1.14270724295491
multitask,10.0,1,PA36,PA36_Reverse_Optical_Flow_Foward_Texture_2_18_01_PM,70.42362,138,0-5,complete_dynamic,0,1,4.0,5.288156509399414,0.0,-3.0,-4.0,0.48095646500587463,0.10994206368923187,0.12189875543117523,low_error,1.14270724295491
multitask,10.0,1,PA36,PA36_Reverse_Optical_Flow_Foward_Texture_2_18_01_PM,70.92393,139,0-5,complete_dynamic,0,1,4.0,5.302246570587158,0.0,-4.0,-4.0,0.48788610100746155,0.12641848623752594,0.10541309416294098,low_error,1.14270724295491
multitask,10.0,1,PA36,PA36_Reverse_Optical_Flow_Foward_Texture_2_18_01_PM,71.43638,140,0-5,complete_dynamic,0,1,4.0,5.1911211013793945,0.0,-4.0,-4.0,0.48191988468170166,0.13448859751224518,0.10954509675502777,low_error,1.14270724295491
multitask,10.0,1,PA36,PA36_Reverse_Optical_Flow_Foward_Texture_2_18_01_PM,71.93717,141,0-5,complete_dynamic,0,1,4.0,4.998294830322266,0.0,-4.0,-4.0,0.47184863686561584,0.14447669684886932,0.14505094289779663,low_error,1.14270724295491
multitask,10.0,1,PA36,PA36_Reverse_Optical_Flow_Foward_Texture_2_18_01_PM,72.44996,142,0-5,complete_dynamic,0,1,4.0,4.8138017654418945,0.0,-4.0,-4.0,0.46254557371139526,0.1585729867219925,0.18524372577667236,low_error,1.14270724295491
multitask,10.0,1,PA36,PA36_Reverse_Optical_Flow_Foward_Texture_2_18_01_PM,72.95178,143,0-5,complete_dynamic,0,1,4.0,4.622569561004639,0.0,-4.0,-4.0,0.45318830013275146,0.17240434885025024,0.22646024823188782,low_error,1.14270724295491
multitask,10.0,1,PA36,PA36_Reverse_Optical_Flow_Foward_Texture_2_18_01_PM,73.45374,144,0-5,complete_dynamic,0,1,4.0,4.47196626663208,0.0,-4.0,-4.0,0.4467415511608124,0.18129239976406097,0.25421202182769775,low_error,1.14270724295491
multitask,10.0,1,PA36,PA36_Reverse_Optical_Flow_Foward_Texture_2_18_01_PM,73.96474,145,0-5,complete_dynamic,0,1,4.0,4.324188709259033,0.0,-4.0,-4.0,0.44110989570617676,0.18230314552783966,0.2710842490196228,low_error,1.14270724295491
multitask,10.0,1,PA36,PA36_Reverse_Optical_Flow_Foward_Texture_2_18_01_PM,74.47834,146,0-5,complete_dynamic,1,0,3.0,4.16989278793335,1.0,-3.0,-3.0,0.43649396300315857,0.1843564510345459,0.28817829489707947,low_error,1.14270724295491
multitask,10.0,1,PA36,PA36_Reverse_Optical_Flow_Foward_Texture_2_18_01_PM,74.97863,147,0-5,complete_dynamic,1,0,1.0,4.001021862030029,1.0,-1.0,-1.0,0.43212074041366577,0.19044296443462372,0.31945857405662537,low_error,1.14270724295491
multitask,10.0,1,PA36,PA36_Reverse_Optical_Flow_Foward_Texture_2_18_01_PM,75.49256,148,0-5,complete_dynamic,0,1,1.0,3.8725690841674805,0.0,-1.0,-1.0,0.4292586147785187,0.19315706193447113,0.3432883620262146,low_error,1.14270724295491
multitask,10.0,1,PA36,PA36_Reverse_Optical_Flow_Foward_Texture_2_18_01_PM,76.00505,149,0-5,complete_dynamic,1,0,0.0,3.856757402420044,1.0,0.0,0.0,0.42947110533714294,0.18760469555854797,0.3471139073371887,low_error,1.14270724295491
multitask,10.0,1,PA36,PA36_Reverse_Optical_Flow_Foward_Texture_2_18_01_PM,76.50658,150,0-5,complete_dynamic,0,1,0.0,3.838805913925171,0.0,0.0,0.0,0.4280805289745331,0.17953313887119293,0.34754204750061035,low_error,1.14270724295491
multitask,10.0,1,PA36,PA36_Reverse_Optical_Flow_Foward_Texture_2_18_01_PM,77.02318,151,0-5,complete_dynamic,0,1,0.0,3.3796961307525635,0.0,0.0,0.0,0.41362234950065613,0.16966618597507477,0.3671001195907593,low_error,1.14270724295491
multitask,10.0,1,PA36,PA36_Reverse_Optical_Flow_Foward_Texture_2_18_01_PM,77.53453,152,0-5,complete_dynamic,0,1,0.0,2.388371467590332,0.0,0.0,0.0,0.3828294575214386,0.17311903834342957,0.42661187052726746,low_error,1.14270724295491
multitask,10.0,1,PA36,PA36_Reverse_Optical_Flow_Foward_Texture_2_18_01_PM,78.04749,153,0-5,complete_dynamic,0,1,0.0,2.525947093963623,0.0,0.0,0.0,0.38488370180130005,0.17658817768096924,0.4244449734687805,low_error,1.14270724295491
multitask,10.0,1,PA36,PA36_Reverse_Optical_Flow_Foward_Texture_2_18_01_PM,78.56081,154,0-5,complete_dynamic,0,1,0.0,2.8306009769439697,0.0,0.0,0.0,0.39182958006858826,0.18877087533473969,0.4232529103755951,low_error,1.14270724295491
multitask,10.0,1,PA36,PA36_Reverse_Optical_Flow_Foward_Texture_2_18_01_PM,79.06149,155,0-5,complete_dynamic,0,1,0.0,3.02203106880188,0.0,0.0,0.0,0.3958381414413452,0.20338566601276398,0.4310896694660187,low_error,1.14270724295491
multitask,10.0,1,PA36,PA36_Reverse_Optical_Flow_Foward_Texture_2_18_01_PM,79.57565,156,0-5,complete_dynamic,0,1,0.0,3.1163039207458496,0.0,0.0,0.0,0.3984534442424774,0.21051974594593048,0.43269890546798706,low_error,1.14270724295491
multitask,10.0,1,PA36,PA36_Reverse_Optical_Flow_Foward_Texture_2_18_01_PM,80.0882,157,0-5,complete_dynamic,0,1,0.0,2.805121421813965,0.0,0.0,0.0,0.38098976016044617,0.22856982052326202,0.48963743448257446,low_error,1.14270724295491
multitask,10.0,1,PA36,PA36_Reverse_Optical_Flow_Foward_Texture_2_18_01_PM,80.59185,158,0-5,complete_dynamic,0,1,0.0,2.6592016220092773,0.0,0.0,0.0,0.37180426716804504,0.27086520195007324,0.5535631775856018,low_error,1.14270724295491
multitask,10.0,1,PA36,PA36_Reverse_Optical_Flow_Foward_Texture_2_18_01_PM,81.1031,159,0-5,complete_dynamic,0,1,0.0,2.4884302616119385,0.0,0.0,0.0,0.36353152990341187,0.28381064534187317,0.5850381255149841,low_error,1.14270724295491
multitask,10.0,1,PA36,PA36_Reverse_Optical_Flow_Foward_Texture_2_18_01_PM,81.61684,160,0-5,complete_dynamic,0,1,0.0,2.3067309856414795,0.0,0.0,0.0,0.35562464594841003,0.29489895701408386,0.6101178526878357,low_error,1.14270724295491
multitask,10.0,1,PA36,PA36_Reverse_Optical_Flow_Foward_Texture_2_18_01_PM,82.11727,161,0-5,complete_dynamic,0,1,0.0,2.227560520172119,0.0,0.0,0.0,0.35248512029647827,0.2981061637401581,0.6153228878974915,low_error,1.14270724295491
multitask,10.0,1,PA36,PA36_Reverse_Optical_Flow_Foward_Texture_2_18_01_PM,82.62943,162,0-5,complete_dynamic,0,1,0.0,2.155390739440918,0.0,0.0,0.0,0.35115841031074524,0.2999778091907501,0.6125537157058716,low_error,1.14270724295491
multitask,10.0,1,PA36,PA36_Reverse_Optical_Flow_Foward_Texture_2_18_01_PM,83.13023,163,0-5,complete_dynamic,0,1,0.0,2.0988526344299316,0.0,0.0,0.0,0.3514065444469452,0.3060097396373749,0.6158391833305359,low_error,1.14270724295491
multitask,10.0,1,PA36,PA36_Reverse_Optical_Flow_Foward_Texture_2_18_01_PM,83.64487,164,0-5,complete_dynamic,0,1,0.0,2.0467875003814697,0.0,0.0,0.0,0.35160690546035767,0.3074941337108612,0.6158862113952637,low_error,1.14270724295491
multitask,10.0,1,PA36,PA36_Reverse_Optical_Flow_Foward_Texture_2_18_01_PM,84.15826,165,0-5,complete_dynamic,0,1,0.0,2.023813247680664,0.0,0.0,0.0,0.3532584607601166,0.31336063146591187,0.6170660853385925,low_error,1.14270724295491
multitask,10.0,1,PA36,PA36_Reverse_Optical_Flow_Foward_Texture_2_18_01_PM,84.67117,166,0-5,complete_dynamic,0,1,0.0,1.9961750507354736,0.0,0.0,0.0,0.35435914993286133,0.31896185874938965,0.6198071241378784,low_error,1.14270724295491
multitask,10.0,1,PA36,PA36_Reverse_Optical_Flow_Foward_Texture_2_18_01_PM,85.17159,167,0-5,complete_dynamic,0,1,0.0,2.059086799621582,0.0,0.0,0.0,0.35834839940071106,0.3313772976398468,0.6142882704734802,low_error,1.14270724295491
multitask,10.0,1,PA36,PA36_Reverse_Optical_Flow_Foward_Texture_2_18_01_PM,85.68633,168,0-5,complete_dynamic,0,1,0.0,2.0659759044647217,0.0,0.0,0.0,0.35822275280952454,0.33375585079193115,0.6162394285202026,low_error,1.14270724295491
multitask,10.0,1,PA36,PA36_Reverse_Optical_Flow_Foward_Texture_2_18_01_PM,86.20039,169,0-5,complete_dynamic,0,1,0.0,2.097470998764038,0.0,0.0,0.0,0.35953134298324585,0.3378927409648895,0.6162306666374207,low_error,1.14270724295491
multitask,10.0,1,PA36,PA36_Reverse_Optical_Flow_Foward_Texture_2_18_01_PM,86.71306,170,0-5,complete_dynamic,0,1,0.0,2.0990066528320312,0.0,0.0,0.0,0.35655084252357483,0.33823373913764954,0.6257078051567078,low_error,1.14270724295491
multitask,10.0,1,PA36,PA36_Reverse_Optical_Flow_Foward_Texture_2_18_01_PM,87.22707,171,0-5,complete_dynamic,0,1,0.0,2.103895664215088,0.0,0.0,0.0,0.3524027466773987,0.33726468682289124,0.6379279494285583,low_error,1.14270724295491
multitask,10.0,1,PA36,PA36_Reverse_Optical_Flow_Foward_Texture_2_18_01_PM,87.72775,172,0-5,complete_dynamic,0,1,0.0,2.1322505474090576,0.0,0.0,0.0,0.35065191984176636,0.3349822461605072,0.6413413882255554,low_error,1.14270724295491
multitask,10.0,1,PA36,PA36_Reverse_Optical_Flow_Foward_Texture_2_18_01_PM,88.24093,173,0-5,complete_dynamic,0,1,0.0,2.187398910522461,0.0,0.0,0.0,0.3517369031906128,0.3347708284854889,0.6378573775291443,low_error,1.14270724295491
multitask,10.0,1,PA36,PA36_Reverse_Optical_Flow_Foward_Texture_2_18_01_PM,88.74137,174,0-5,complete_dynamic,0,1,0.0,2.2096242904663086,0.0,0.0,0.0,0.35271725058555603,0.3370814025402069,0.636930525302887,low_error,1.14270724295491
multitask,10.0,1,PA36,PA36_Reverse_Optical_Flow_Foward_Texture_2_18_01_PM,89.24183,175,0-5,complete_dynamic,0,1,0.0,2.2368390560150146,0.0,0.0,0.0,0.3534604012966156,0.33651262521743774,0.6371384263038635,low_error,1.14270724295491
multitask,10.0,1,PA36,PA36_Reverse_Optical_Flow_Foward_Texture_2_18_01_PM,89.75497,176,0-5,complete_dynamic,0,1,0.0,2.2183358669281006,0.0,0.0,2.0,0.3521404564380646,0.33790042996406555,0.6431251168251038,low_error,1.14270724295491
multitask,10.0,1,PA36,PA36_Reverse_Optical_Flow_Foward_Texture_2_18_01_PM,90.25548,177,0-5,complete_dynamic,0,1,0.0,2.2156660556793213,0.0,0.0,4.0,0.351304292678833,0.33676543831825256,0.6462262272834778,low_error,1.14270724295491
multitask,10.0,1,PA36,PA36_Reverse_Optical_Flow_Foward_Texture_2_18_01_PM,90.76806,178,0-5,complete_dynamic,0,1,0.0,2.1940207481384277,0.0,0.0,5.0,0.35049867630004883,0.33592450618743896,0.6487010717391968,low_error,1.14270724295491
multitask,10.0,1,PA36,PA36_Reverse_Optical_Flow_Foward_Texture_2_18_01_PM,91.27327,179,0-5,complete_dynamic,0,1,0.0,2.148021697998047,0.0,0.0,6.0,0.34981340169906616,0.331404447555542,0.646466076374054,low_error,1.14270724295491
multitask,10.0,1,PA36,PA36_Reverse_Optical_Flow_Foward_Texture_2_18_01_PM,91.78291,180,0-5,complete_dynamic,0,1,0.0,2.123009443283081,0.0,0.0,6.0,0.34925955533981323,0.34166571497917175,0.6633687615394592,low_error,1.14270724295491
multitask,10.0,1,PA36,PA36_Reverse_Optical_Flow_Foward_Texture_2_18_01_PM,92.28342,181,0-5,complete_dynamic,0,1,0.0,2.1716043949127197,0.0,0.0,6.0,0.3544520437717438,0.35437509417533875,0.6639209389686584,low_error,1.14270724295491
multitask,10.0,1,PA36,PA36_Reverse_Optical_Flow_Foward_Texture_2_18_01_PM,92.7973,182,0-5,complete_dynamic,0,1,0.0,2.1909170150756836,0.0,0.0,6.0,0.3557906448841095,0.3308018445968628,0.6397302746772766,low_error,1.14270724295491
multitask,10.0,1,PA36,PA36_Reverse_Optical_Flow_Foward_Texture_2_18_01_PM,93.31022,183,0-5,complete_dynamic,0,1,0.0,2.3244805335998535,0.0,0.0,6.0,0.3675406575202942,0.3459814190864563,0.6351608633995056,low_error,1.14270724295491
multitask,10.0,1,PA36,PA36_Reverse_Optical_Flow_Foward_Texture_2_18_01_PM,93.81029,184,0-5,complete_dynamic,0,1,0.0,2.207961082458496,0.0,0.0,6.0,0.3592936098575592,0.32482990622520447,0.6379039287567139,low_error,1.14270724295491
multitask,10.0,1,PA36,PA36_Reverse_Optical_Flow_Foward_Texture_2_18_01_PM,94.32479,185,0-5,complete_dynamic,0,1,0.0,2.4629640579223633,0.0,0.0,6.0,0.3767092227935791,0.2843499481678009,0.562190592288971,low_error,1.14270724295491
multitask,10.0,1,PA36,PA36_Reverse_Optical_Flow_Foward_Texture_2_18_01_PM,94.82816,186,0-5,complete_dynamic,0,1,0.0,2.378474235534668,0.0,2.0,6.0,0.3608400821685791,0.30561789870262146,0.681367814540863,low_error,1.14270724295491
multitask,10.0,1,PA36,PA36_Reverse_Optical_Flow_Foward_Texture_2_18_01_PM,95.33944,187,0-5,complete_dynamic,0,1,0.0,2.239593505859375,0.0,4.0,6.0,0.34397658705711365,0.43383488059043884,0.866088330745697,low_error,1.14270724295491
multitask,10.0,1,PA36,PA36_Reverse_Optical_Flow_Foward_Texture_2_18_01_PM,95.85159,188,0-5,complete_dynamic,0,1,0.0,2.4932963848114014,0.0,5.0,6.0,0.366166889667511,0.44642212986946106,0.85500568151474,low_error,1.14270724295491
multitask,10.0,1,PA36,PA36_Reverse_Optical_Flow_Foward_Texture_2_18_01_PM,96.35179,189,0-5,complete_dynamic,0,1,0.0,3.857278347015381,0.0,6.0,6.0,0.5025925636291504,0.7854101657867432,1.0996572971343994,low_error,1.14270724295491
multitask,10.0,1,PA36,PA36_Reverse_Optical_Flow_Foward_Texture_2_18_01_PM,96.85365,190,0-5,complete_dynamic,0,1,0.0,3.972040891647339,0.0,6.0,6.0,0.5308729410171509,0.8574963212013245,1.2405402660369873,low_error,1.14270724295491
multitask,10.0,1,PA36,PA36_Reverse_Optical_Flow_Foward_Texture_2_18_01_PM,97.36524,191,0-5,complete_dynamic,0,1,0.0,4.6779465675354,0.0,6.0,6.0,0.5771815180778503,0.8452082276344299,1.1832993030548096,low_error,1.14270724295491
multitask,10.0,1,PA36,PA36_Reverse_Optical_Flow_Foward_Texture_2_18_01_PM,97.86642,192,0-5,complete_dynamic,0,1,0.0,4.5450263023376465,0.0,6.0,6.0,0.5737360715866089,0.7770975232124329,1.1638398170471191,low_error,1.14270724295491
multitask,10.0,1,PA36,PA36_Reverse_Optical_Flow_Foward_Texture_2_18_01_PM,98.38361,193,0-5,complete_dynamic,0,1,0.0,4.460603713989258,0.0,6.0,6.0,0.5442757606506348,0.7023603916168213,1.1610081195831299,low_error,1.14270724295491
multitask,10.0,1,PA36,PA36_Reverse_Optical_Flow_Foward_Texture_2_18_01_PM,98.89294,194,0-5,complete_dynamic,0,1,0.0,4.664983749389648,0.0,6.0,6.0,0.49800905585289,0.6027190685272217,1.1555657386779785,low_error,1.14270724295491
multitask,10.0,1,PA36,PA36_Reverse_Optical_Flow_Foward_Texture_2_18_01_PM,99.40887,195,0-5,complete_dynamic,0,1,0.0,4.711653232574463,0.0,6.0,6.0,0.4725078046321869,0.525824785232544,1.1411287784576416,low_error,1.14270724295491
multitask,10.0,1,PA36,PA36_Reverse_Optical_Flow_Foward_Texture_2_18_01_PM,99.92139,196,0-5,complete_dynamic,1,0,2.0,4.108859062194824,1.0,4.0,4.0,0.4943911135196686,0.43152064085006714,0.9648786187171936,low_error,1.14270724295491
multitask,10.0,1,PA36,PA36_Reverse_Optical_Flow_Foward_Texture_2_18_01_PM,100.4217,197,0-5,complete_dynamic,1,0,4.0,4.429245948791504,1.0,2.0,2.0,0.5919367671012878,0.4368697702884674,1.0079972743988037,low_error,1.14270724295491
multitask,10.0,1,PA36,PA36_Reverse_Optical_Flow_Foward_Texture_2_18_01_PM,100.9361,198,5-10,complete_dynamic,1,0,5.0,4.902946472167969,1.0,1.0,1.0,0.6226056814193726,0.5027419328689575,0.9339190721511841,low_error,1.14270724295491
multitask,10.0,1,PA36,PA36_Reverse_Optical_Flow_Foward_Texture_2_18_01_PM,101.4368,199,5-10,complete_dynamic,1,0,6.0,4.990083694458008,1.0,0.0,0.0,0.587979257106781,0.4829600751399994,0.9163517951965332,low_error,1.14270724295491
multitask,10.0,1,PA36,PA36_Reverse_Optical_Flow_Foward_Texture_2_18_01_PM,101.9525,200,5-10,complete_dynamic,0,1,6.0,5.1658406257629395,0.0,0.0,0.0,0.5777754187583923,0.43808460235595703,0.9026774168014526,low_error,1.14270724295491
multitask,10.0,1,PA36,PA36_Reverse_Optical_Flow_Foward_Texture_2_18_01_PM,102.4529,201,5-10,complete_dynamic,0,1,6.0,5.290200233459473,0.0,0.0,0.0,0.5448603630065918,0.40944182872772217,0.938589870929718,low_error,1.14270724295491
multitask,10.0,1,PA36,PA36_Reverse_Optical_Flow_Foward_Texture_2_18_01_PM,102.9632,202,5-10,complete_dynamic,0,1,6.0,5.2965826988220215,0.0,0.0,0.0,0.5285852551460266,0.4261997640132904,0.9948608875274658,low_error,1.14270724295491
multitask,10.0,1,PA36,PA36_Reverse_Optical_Flow_Foward_Texture_2_18_01_PM,103.4642,203,5-10,complete_dynamic,0,1,6.0,5.122897148132324,0.0,0.0,0.0,0.5010389685630798,0.4296594262123108,0.9894075989723206,low_error,1.14270724295491
multitask,10.0,1,PA36,PA36_Reverse_Optical_Flow_Foward_Texture_2_18_01_PM,103.9763,204,5-10,complete_dynamic,0,1,6.0,5.028259754180908,0.0,0.0,0.0,0.4921768009662628,0.3567500412464142,0.7927888631820679,low_error,1.14270724295491
multitask,10.0,1,PA36,PA36_Reverse_Optical_Flow_Foward_Texture_2_18_01_PM,104.4771,205,5-10,complete_dynamic,0,1,6.0,5.211152076721191,0.0,0.0,0.0,0.50312340259552,0.3157583773136139,0.8199570775032043,low_error,1.14270724295491
multitask,10.0,1,PA36,PA36_Reverse_Optical_Flow_Foward_Texture_2_18_01_PM,104.9902,206,5-10,complete_dynamic,0,1,6.0,5.422336578369141,0.0,0.0,0.0,0.5332822799682617,0.43733587861061096,0.8860600590705872,low_error,1.14270724295491
multitask,10.0,1,PA36,PA36_Reverse_Optical_Flow_Foward_Texture_2_18_01_PM,105.4913,207,5-10,complete_dynamic,0,1,6.0,5.252204895019531,0.0,0.0,0.0,0.5720550417900085,0.6861113905906677,0.9885256290435791,low_error,1.14270724295491
multitask,10.0,1,PA36,PA36_Reverse_Optical_Flow_Foward_Texture_2_18_01_PM,106.0053,208,5-10,complete_dynamic,0,1,6.0,5.290046691894531,0.0,0.0,0.0,0.565116822719574,0.5971761345863342,0.9942564368247986,low_error,1.14270724295491
multitask,10.0,1,PA36,PA36_Reverse_Optical_Flow_Foward_Texture_2_18_01_PM,106.5217,209,5-10,complete_dynamic,0,1,6.0,5.356916904449463,0.0,0.0,1.0,0.5606192946434021,0.5578530430793762,0.950775682926178,low_error,1.14270724295491
multitask,10.0,1,PA36,PA36_Reverse_Optical_Flow_Foward_Texture_2_18_01_PM,107.0314,210,5-10,complete_dynamic,0,1,6.0,5.567751884460449,0.0,0.0,1.0,0.5325295925140381,0.4635353982448578,0.8354806303977966,low_error,1.14270724295491
multitask,10.0,1,PA36,PA36_Reverse_Optical_Flow_Foward_Texture_2_18_01_PM,107.5316,211,5-10,complete_dynamic,0,1,6.0,5.516101360321045,0.0,0.0,1.0,0.5336403250694275,0.42976444959640503,0.8617668151855469,low_error,1.14270724295491
multitask,10.0,1,PA36,PA36_Reverse_Optical_Flow_Foward_Texture_2_18_01_PM,108.0461,212,5-10,complete_dynamic,0,1,6.0,5.704738140106201,0.0,0.0,1.0,0.5178937315940857,0.44068095088005066,0.9023508429527283,low_error,1.14270724295491
multitask,10.0,1,PA36,PA36_Reverse_Optical_Flow_Foward_Texture_2_18_01_PM,108.5597,213,5-10,complete_dynamic,0,1,6.0,5.713512420654297,0.0,0.0,1.0,0.48894497752189636,0.46341779828071594,0.9389014840126038,low_error,1.14270724295491
multitask,10.0,1,PA36,PA36_Reverse_Optical_Flow_Foward_Texture_2_18_01_PM,109.0731,214,5-10,complete_dynamic,0,1,6.0,5.549531936645508,0.0,0.0,1.0,0.4871572256088257,0.4570811688899994,0.9520077109336853,low_error,1.14270724295491
multitask,10.0,1,PA36,PA36_Reverse_Optical_Flow_Foward_Texture_2_18_01_PM,109.5881,215,5-10,complete_dynamic,0,1,6.0,5.535836696624756,0.0,0.0,1.0,0.4646950960159302,0.3976302146911621,0.9098255038261414,low_error,1.14270724295491
multitask,10.0,1,PA36,PA36_Reverse_Optical_Flow_Foward_Texture_2_18_01_PM,110.0915,216,5-10,complete_dynamic,0,1,6.0,5.624290466308594,0.0,0.0,1.0,0.43721991777420044,0.3522460162639618,0.870306134223938,low_error,1.14270724295491
multitask,10.0,1,PA36,PA36_Reverse_Optical_Flow_Foward_Texture_2_18_01_PM,110.6015,217,5-10,complete_dynamic,0,1,6.0,5.802778244018555,0.0,0.0,1.0,0.4594738781452179,0.40577325224876404,0.908892035484314,low_error,1.14270724295491
multitask,10.0,1,PA36,PA36_Reverse_Optical_Flow_Foward_Texture_2_18_01_PM,111.1147,218,5-10,complete_dynamic,0,1,6.0,6.056572914123535,0.0,0.0,1.0,0.4673927426338196,0.46739664673805237,0.9377601146697998,low_error,1.14270724295491
multitask,10.0,1,PA36,PA36_Reverse_Optical_Flow_Foward_Texture_2_18_01_PM,111.6154,219,5-10,complete_dynamic,0,1,6.0,6.060184478759766,0.0,1.0,1.0,0.46601808071136475,0.43712562322616577,0.9300133585929871,low_error,1.14270724295491
multitask,10.0,1,PA36,PA36_Reverse_Optical_Flow_Foward_Texture_2_18_01_PM,112.129,220,5-10,complete_dynamic,0,1,6.0,5.760175704956055,0.0,1.0,1.0,0.44325411319732666,0.35115954279899597,0.9063448309898376,low_error,1.14270724295491
multitask,10.0,1,PA36,PA36_Reverse_Optical_Flow_Foward_Texture_2_18_01_PM,112.6438,221,5-10,complete_dynamic,0,1,6.0,5.712536811828613,0.0,1.0,1.0,0.48777568340301514,0.3688086271286011,0.901502788066864,low_error,1.14270724295491
multitask,10.0,1,PA36,PA36_Reverse_Optical_Flow_Foward_Texture_2_18_01_PM,113.157,222,5-10,complete_dynamic,0,1,6.0,5.8156633377075195,0.0,1.0,1.0,0.5150346159934998,0.46375587582588196,0.8823537826538086,low_error,1.14270724295491
multitask,10.0,1,PA36,PA36_Reverse_Optical_Flow_Foward_Texture_2_18_01_PM,113.6574,223,5-10,complete_dynamic,0,1,6.0,5.884248733520508,0.0,1.0,1.0,0.5046871900558472,0.441857248544693,0.7728922367095947,low_error,1.14270724295491
multitask,10.0,1,PA36,PA36_Reverse_Optical_Flow_Foward_Texture_2_18_01_PM,114.1702,224,5-10,complete_dynamic,0,1,6.0,6.184845924377441,0.0,1.0,1.0,0.4926781952381134,0.37757620215415955,0.5674657821655273,low_error,1.14270724295491
multitask,10.0,1,PA36,PA36_Reverse_Optical_Flow_Foward_Texture_2_18_01_PM,114.6752,225,5-10,complete_dynamic,0,1,6.0,6.212494850158691,0.0,1.0,1.0,0.47665897011756897,0.3478393852710724,0.5526684522628784,low_error,1.14270724295491
multitask,10.0,1,PA36,PA36_Reverse_Optical_Flow_Foward_Texture_2_18_01_PM,115.1852,226,5-10,complete_dynamic,0,1,6.0,6.630422592163086,0.0,1.0,1.0,0.43425264954566956,0.3548964858055115,0.4841647148132324,low_error,1.14270724295491
multitask,10.0,1,PA36,PA36_Reverse_Optical_Flow_Foward_Texture_2_18_01_PM,115.6853,227,5-10,complete_dynamic,0,1,6.0,6.758129596710205,0.0,1.0,1.0,0.41845273971557617,0.23468537628650665,0.3049706220626831,low_error,1.14270724295491
multitask,10.0,1,PA36,PA36_Reverse_Optical_Flow_Foward_Texture_2_18_01_PM,116.1992,228,5-10,complete_dynamic,0,1,6.0,6.469952583312988,0.0,1.0,1.0,0.40713173151016235,0.22395722568035126,0.26556873321533203,low_error,1.14270724295491
multitask,10.0,1,PA36,PA36_Reverse_Optical_Flow_Foward_Texture_2_18_01_PM,116.7127,229,5-10,complete_dynamic,1,0,7.0,6.458829402923584,1.0,0.0,0.0,0.4180661737918854,0.15999944508075714,0.24724778532981873,low_error,1.14270724295491
multitask,10.0,1,PA36,PA36_Reverse_Optical_Flow_Foward_Texture_2_18_01_PM,117.2144,230,5-10,complete_dynamic,0,1,7.0,6.728568077087402,0.0,0.0,0.0,0.4699940085411072,0.17812024056911469,0.24511507153511047,low_error,1.14270724295491
multitask,10.0,1,PA36,PA36_Reverse_Optical_Flow_Foward_Texture_2_18_01_PM,117.7265,231,5-10,complete_dynamic,0,1,7.0,6.796819686889648,0.0,0.0,0.0,0.5000789165496826,0.30466485023498535,0.3714965283870697,low_error,1.14270724295491
multitask,10.0,1,PA36,PA36_Reverse_Optical_Flow_Foward_Texture_2_18_01_PM,118.2268,232,5-10,complete_dynamic,0,1,7.0,6.770680904388428,0.0,0.0,0.0,0.5199424624443054,0.3366753160953522,0.4143591821193695,low_error,1.14270724295491
multitask,10.0,1,PA36,PA36_Reverse_Optical_Flow_Foward_Texture_2_18_01_PM,118.7405,233,5-10,complete_dynamic,0,1,7.0,6.753778457641602,0.0,0.0,0.0,0.49821072816848755,0.24525432288646698,0.3483082950115204,low_error,1.14270724295491
multitask,10.0,1,PA36,PA36_Reverse_Optical_Flow_Foward_Texture_2_18_01_PM,119.254,234,5-10,complete_dynamic,0,1,7.0,6.77293062210083,0.0,0.0,0.0,0.480435311794281,0.2483123391866684,0.3716663122177124,low_error,1.14270724295491
multitask,10.0,1,PA36,PA36_Reverse_Optical_Flow_Foward_Texture_2_18_01_PM,119.7679,235,5-10,complete_dynamic,0,1,7.0,7.0406413078308105,0.0,0.0,0.0,0.4544333219528198,0.26515957713127136,0.3847302794456482,low_error,1.14270724295491
multitask,10.0,1,PA36,PA36_Reverse_Optical_Flow_Foward_Texture_2_18_01_PM,120.2815,236,5-10,complete_dynamic,0,1,7.0,7.043006896972656,0.0,0.0,0.0,0.43183842301368713,0.2954326570034027,0.3751028776168823,low_error,1.14270724295491
multitask,10.0,1,PA36,PA36_Reverse_Optical_Flow_Foward_Texture_2_18_01_PM,120.7948,237,5-10,complete_dynamic,0,1,7.0,7.294023513793945,0.0,0.0,0.0,0.4993450939655304,0.3412418067455292,0.3799142837524414,low_error,1.14270724295491
multitask,10.0,1,PA36,PA36_Reverse_Optical_Flow_Foward_Texture_2_18_01_PM,121.2963,238,5-10,complete_dynamic,0,1,7.0,7.399388313293457,0.0,0.0,0.0,0.4902442693710327,0.28760504722595215,0.3278399407863617,low_error,1.14270724295491
multitask,10.0,1,PA36,PA36_Reverse_Optical_Flow_Foward_Texture_2_18_01_PM,121.8125,239,5-10,complete_dynamic,0,1,7.0,7.470263481140137,0.0,0.0,0.0,0.45817986130714417,0.290734201669693,0.3557470142841339,low_error,1.14270724295491
multitask,10.0,1,PA36,PA36_Reverse_Optical_Flow_Foward_Texture_2_18_01_PM,122.3229,240,5-10,complete_dynamic,0,1,7.0,7.419635772705078,0.0,0.0,0.0,0.4379119575023651,0.31264528632164,0.37010496854782104,low_error,1.14270724295491
multitask,10.0,1,PA36,PA36_Reverse_Optical_Flow_Foward_Texture_2_18_01_PM,122.827,241,5-10,complete_dynamic,0,1,7.0,7.310107231140137,0.0,0.0,0.0,0.4330621659755707,0.2754572033882141,0.32733628153800964,low_error,1.14270724295491
multitask,10.0,1,PA36,PA36_Reverse_Optical_Flow_Foward_Texture_2_18_01_PM,123.3371,242,5-10,complete_dynamic,0,1,7.0,6.985809326171875,0.0,0.0,0.0,0.4195464551448822,0.23818771541118622,0.27729249000549316,low_error,1.14270724295491
multitask,10.0,1,PA36,PA36_Reverse_Optical_Flow_Foward_Texture_2_18_01_PM,123.8509,243,5-10,complete_dynamic,0,1,7.0,6.858936786651611,0.0,0.0,0.0,0.42066124081611633,0.1837458461523056,0.24100562930107117,low_error,1.14270724295491
multitask,10.0,1,PA36,PA36_Reverse_Optical_Flow_Foward_Texture_2_18_01_PM,124.3644,244,5-10,complete_dynamic,0,1,7.0,6.875434875488281,0.0,0.0,0.0,0.43649283051490784,0.14676065742969513,0.23410531878471375,low_error,1.14270724295491
multitask,10.0,1,PA36,PA36_Reverse_Optical_Flow_Foward_Texture_2_18_01_PM,124.8653,245,5-10,complete_dynamic,0,1,7.0,7.156652450561523,0.0,0.0,0.0,0.45145383477211,0.09171010553836823,0.1714072823524475,low_error,1.14270724295491
multitask,10.0,1,PA36,PA36_Reverse_Optical_Flow_Foward_Texture_2_18_01_PM,125.3653,246,5-10,complete_dynamic,0,1,7.0,7.134488582611084,0.0,0.0,0.0,0.4717845022678375,0.13776563107967377,0.21377569437026978,low_error,1.14270724295491
multitask,10.0,1,PA36,PA36_Reverse_Optical_Flow_Foward_Texture_2_18_01_PM,125.8795,247,5-10,complete_dynamic,0,1,7.0,7.170222282409668,0.0,0.0,0.0,0.47436264157295227,0.17367427051067352,0.25244393944740295,low_error,1.14270724295491
multitask,10.0,1,PA36,PA36_Reverse_Optical_Flow_Foward_Texture_2_18_01_PM,126.3973,248,5-10,complete_dynamic,0,1,7.0,6.833318710327148,0.0,0.0,0.0,0.4253283441066742,0.12523986399173737,0.2854827046394348,low_error,1.14270724295491
multitask,10.0,1,PA36,PA36_Reverse_Optical_Flow_Foward_Texture_2_18_01_PM,126.9064,249,5-10,complete_dynamic,0,1,7.0,6.737339019775391,0.0,0.0,0.0,0.4040944576263428,0.1494407206773758,0.2871934175491333,low_error,1.14270724295491
multitask,10.0,1,PA36,PA36_Reverse_Optical_Flow_Foward_Texture_2_18_01_PM,127.4202,250,5-10,complete_dynamic,0,1,7.0,6.826043128967285,0.0,0.0,0.0,0.4073222577571869,0.10284841060638428,0.2560000419616699,low_error,1.14270724295491
multitask,10.0,1,PA36,PA36_Reverse_Optical_Flow_Foward_Texture_2_18_01_PM,127.9335,251,5-10,complete_dynamic,0,1,7.0,6.952898025512695,0.0,0.0,0.0,0.4351077079772949,0.1460941880941391,0.2898366451263428,low_error,1.14270724295491
multitask,10.0,1,PA36,PA36_Reverse_Optical_Flow_Foward_Texture_2_18_01_PM,128.4344,252,5-10,complete_dynamic,0,1,7.0,6.81960916519165,0.0,0.0,0.0,0.4466897249221802,0.23402033746242523,0.40219971537590027,low_error,1.14270724295491
multitask,10.0,1,PA36,PA36_Reverse_Optical_Flow_Foward_Texture_2_18_01_PM,128.9475,253,5-10,complete_dynamic,0,1,7.0,6.827917098999023,0.0,0.0,0.0,0.44204074144363403,0.23280201852321625,0.3979470133781433,low_error,1.14270724295491
multitask,10.0,1,PA36,PA36_Reverse_Optical_Flow_Foward_Texture_2_18_01_PM,129.4613,254,5-10,complete_dynamic,0,1,7.0,7.084805488586426,0.0,0.0,0.0,0.4425007998943329,0.22491081058979034,0.35285523533821106,low_error,1.14270724295491
multitask,10.0,1,PA36,PA36_Reverse_Optical_Flow_Foward_Texture_2_18_01_PM,129.9622,255,5-10,complete_dynamic,0,1,7.0,7.096184730529785,0.0,0.0,0.0,0.43263208866119385,0.2050827294588089,0.32749977707862854,low_error,1.14270724295491
multitask,10.0,1,PA36,PA36_Reverse_Optical_Flow_Foward_Texture_2_18_01_PM,130.4752,256,5-10,complete_dynamic,0,1,7.0,7.175497055053711,0.0,0.0,0.0,0.41421347856521606,0.19189466536045074,0.3176369369029999,low_error,1.14270724295491
multitask,10.0,1,PA36,PA36_Reverse_Optical_Flow_Foward_Texture_2_18_01_PM,130.9924,257,5-10,complete_dynamic,0,1,7.0,7.14078426361084,0.0,0.0,0.0,0.40473565459251404,0.2100909799337387,0.3425622582435608,low_error,1.14270724295491
multitask,10.0,1,PA36,PA36_Reverse_Optical_Flow_Foward_Texture_2_18_01_PM,131.5036,258,5-10,complete_dynamic,0,1,7.0,7.265652656555176,0.0,0.0,0.0,0.395099014043808,0.2964741885662079,0.4356191158294678,low_error,1.14270724295491
multitask,10.0,1,PA36,PA36_Reverse_Optical_Flow_Foward_Texture_2_18_01_PM,132.0168,259,5-10,complete_dynamic,0,1,7.0,7.23106575012207,0.0,0.0,0.0,0.39873144030570984,0.29391202330589294,0.4286035895347595,low_error,1.14270724295491
multitask,10.0,1,PA36,PA36_Reverse_Optical_Flow_Foward_Texture_2_18_01_PM,132.5174,260,5-10,complete_dynamic,0,1,7.0,7.0848774909973145,0.0,0.0,0.0,0.40687626600265503,0.2791796326637268,0.39824730157852173,low_error,1.14270724295491
multitask,10.0,1,PA36,PA36_Reverse_Optical_Flow_Foward_Texture_2_18_01_PM,133.0299,261,5-10,complete_dynamic,0,1,7.0,7.068573474884033,0.0,0.0,0.0,0.4128400683403015,0.21998189389705658,0.33257007598876953,low_error,1.14270724295491
multitask,10.0,1,PA36,PA36_Reverse_Optical_Flow_Foward_Texture_2_18_01_PM,133.5304,262,5-10,complete_dynamic,0,1,7.0,7.095171928405762,0.0,0.0,0.0,0.44421276450157166,0.17551614344120026,0.258602499961853,low_error,1.14270724295491
multitask,10.0,1,PA36,PA36_Reverse_Optical_Flow_Foward_Texture_2_18_01_PM,134.0305,263,5-10,complete_dynamic,0,1,7.0,7.180352210998535,0.0,0.0,0.0,0.4536430835723877,0.13461147248744965,0.20116961002349854,low_error,1.14270724295491
multitask,10.0,1,PA36,PA36_Reverse_Optical_Flow_Foward_Texture_2_18_01_PM,134.5348,264,5-10,complete_dynamic,0,1,7.0,7.378765106201172,0.0,0.0,0.0,0.4506842792034149,0.07491295039653778,0.17096742987632751,low_error,1.14270724295491
multitask,10.0,1,PA36,PA36_Reverse_Optical_Flow_Foward_Texture_2_18_01_PM,135.0455,265,5-10,complete_dynamic,0,1,7.0,7.647324562072754,0.0,0.0,0.0,0.45062723755836487,0.03187943622469902,0.11612382531166077,low_error,1.14270724295491
multitask,10.0,1,PA36,PA36_Reverse_Optical_Flow_Foward_Texture_2_18_01_PM,135.5457,266,5-10,complete_dynamic,0,1,7.0,7.400799751281738,0.0,0.0,0.0,0.4225775897502899,0.09765665233135223,0.27372366189956665,low_error,1.14270724295491
multitask,10.0,1,PA36,PA36_Reverse_Optical_Flow_Foward_Texture_2_18_01_PM,136.0464,267,5-10,complete_dynamic,0,1,7.0,7.408756256103516,0.0,0.0,0.0,0.4219364523887634,0.16505379974842072,0.3439546525478363,low_error,1.14270724295491
multitask,10.0,1,PA36,PA36_Reverse_Optical_Flow_Foward_Texture_2_18_01_PM,136.5593,268,5-10,complete_dynamic,0,1,7.0,7.405256271362305,0.0,0.0,0.0,0.41582247614860535,0.18381284177303314,0.3689667582511902,low_error,1.14270724295491
multitask,10.0,1,PA36,PA36_Reverse_Optical_Flow_Foward_Texture_2_18_01_PM,137.0596,269,5-10,complete_dynamic,0,1,7.0,7.229664325714111,0.0,0.0,0.0,0.41956618428230286,0.21170876920223236,0.3847828507423401,low_error,1.14270724295491
multitask,10.0,1,PA36,PA36_Reverse_Optical_Flow_Foward_Texture_2_18_01_PM,137.5726,270,5-10,complete_dynamic,0,1,7.0,7.308797836303711,0.0,0.0,0.0,0.4266316890716553,0.2109426110982895,0.3778718411922455,low_error,1.14270724295491
multitask,10.0,1,PA36,PA36_Reverse_Optical_Flow_Foward_Texture_2_18_01_PM,138.0768,271,5-10,complete_dynamic,0,1,7.0,7.343992233276367,0.0,0.0,0.0,0.4483851492404938,0.1622750610113144,0.2922508716583252,low_error,1.14270724295491
multitask,10.0,1,PA36,PA36_Reverse_Optical_Flow_Foward_Texture_2_18_01_PM,138.5874,272,5-10,complete_dynamic,0,1,7.0,7.311483383178711,0.0,0.0,0.0,0.4688478112220764,0.1673554629087448,0.2786598205566406,low_error,1.14270724295491
multitask,10.0,1,PA36,PA36_Reverse_Optical_Flow_Foward_Texture_2_18_01_PM,139.1009,273,5-10,complete_dynamic,0,1,7.0,7.224061965942383,0.0,0.0,0.0,0.47844594717025757,0.16349618136882782,0.27232664823532104,low_error,1.14270724295491
multitask,10.0,1,PA36,PA36_Reverse_Optical_Flow_Foward_Texture_2_18_01_PM,139.6141,274,5-10,complete_dynamic,0,1,7.0,7.261125564575195,0.0,0.0,0.0,0.5079246759414673,0.39451733231544495,0.463016152381897,low_error,1.14270724295491
multitask,10.0,1,PA36,PA36_Reverse_Optical_Flow_Foward_Texture_2_18_01_PM,140.115,275,5-10,complete_dynamic,0,1,7.0,7.607183456420898,0.0,0.0,0.0,0.5026765465736389,0.44258639216423035,0.5065398812294006,low_error,1.14270724295491
multitask,10.0,1,PA36,PA36_Reverse_Optical_Flow_Foward_Texture_2_18_01_PM,140.6154,276,5-10,complete_dynamic,0,1,7.0,7.926653861999512,0.0,0.0,0.0,0.469806432723999,0.4271123707294464,0.4712938666343689,low_error,1.14270724295491
multitask,10.0,1,PA36,PA36_Reverse_Optical_Flow_Foward_Texture_2_18_01_PM,141.1317,277,5-10,complete_dynamic,0,1,7.0,8.208234786987305,0.0,0.0,0.0,0.5088589787483215,0.34910115599632263,0.340861976146698,low_error,1.14270724295491
multitask,10.0,1,PA36,PA36_Reverse_Optical_Flow_Foward_Texture_2_18_01_PM,141.6431,278,5-10,complete_dynamic,0,1,7.0,7.670324325561523,0.0,0.0,0.0,0.4788256585597992,0.2907198369503021,0.28112953901290894,low_error,1.14270724295491
multitask,10.0,1,PA36,PA36_Reverse_Optical_Flow_Foward_Texture_2_18_01_PM,142.1563,279,5-10,complete_dynamic,0,1,7.0,7.771056175231934,0.0,0.0,0.0,0.49696028232574463,0.1892746537923813,0.19406402111053467,low_error,1.14270724295491
multitask,10.0,1,PA36,PA36_Reverse_Optical_Flow_Foward_Texture_2_18_01_PM,142.6617,280,5-10,complete_dynamic,0,1,7.0,7.999826431274414,0.0,0.0,-1.0,0.5285257697105408,0.14089345932006836,0.10712450742721558,low_error,1.14270724295491
multitask,10.0,1,PA36,PA36_Reverse_Optical_Flow_Foward_Texture_2_18_01_PM,143.1695,281,5-10,complete_dynamic,0,1,7.0,7.8501081466674805,0.0,0.0,-2.0,0.5639040470123291,0.3417682349681854,0.27421092987060547,low_error,1.14270724295491
multitask,10.0,1,PA36,PA36_Reverse_Optical_Flow_Foward_Texture_2_18_01_PM,143.6697,282,5-10,complete_dynamic,0,1,7.0,8.056784629821777,0.0,0.0,-2.0,0.4942956864833832,0.21023987233638763,0.2934655249118805,low_error,1.14270724295491
multitask,10.0,1,PA36,PA36_Reverse_Optical_Flow_Foward_Texture_2_18_01_PM,144.1702,283,5-10,complete_dynamic,0,1,7.0,7.973643779754639,0.0,0.0,-4.0,0.5517253875732422,0.3556041419506073,0.35053500533103943,low_error,1.14270724295491
multitask,10.0,1,PA36,PA36_Reverse_Optical_Flow_Foward_Texture_2_18_01_PM,144.6704,284,5-10,complete_dynamic,0,1,7.0,7.775230884552002,0.0,0.0,-4.0,0.5312288403511047,0.31657758355140686,0.34444332122802734,low_error,1.14270724295491
multitask,10.0,1,PA36,PA36_Reverse_Optical_Flow_Foward_Texture_2_18_01_PM,145.1705,285,5-10,complete_dynamic,0,1,7.0,7.673430442810059,0.0,0.0,-4.0,0.5190989971160889,0.25479549169540405,0.3052389323711395,low_error,1.14270724295491
multitask,10.0,1,PA36,PA36_Reverse_Optical_Flow_Foward_Texture_2_18_01_PM,145.683,286,5-10,complete_dynamic,0,1,7.0,7.951693534851074,0.0,0.0,-2.0,0.4908064603805542,0.16171778738498688,0.24077245593070984,low_error,1.14270724295491
multitask,10.0,1,PA36,PA36_Reverse_Optical_Flow_Foward_Texture_2_18_01_PM,146.1837,287,5-10,complete_dynamic,0,1,7.0,8.132630348205566,0.0,0.0,-3.0,0.46626603603363037,0.11940734088420868,0.22293895483016968,low_error,1.14270724295491
multitask,10.0,1,PA36,PA36_Reverse_Optical_Flow_Foward_Texture_2_18_01_PM,146.6838,288,5-10,complete_dynamic,0,1,7.0,8.154302597045898,0.0,0.0,-3.0,0.47276416420936584,0.13117094337940216,0.19151881337165833,low_error,1.14270724295491
multitask,10.0,1,PA36,PA36_Reverse_Optical_Flow_Foward_Texture_2_18_01_PM,147.197,289,5-10,complete_dynamic,0,1,7.0,8.002975463867188,0.0,0.0,-3.0,0.47060659527778625,0.1053459644317627,0.15212178230285645,low_error,1.14270724295491
multitask,10.0,1,PA36,PA36_Reverse_Optical_Flow_Foward_Texture_2_18_01_PM,147.6972,290,5-10,complete_dynamic,0,1,7.0,7.953830242156982,0.0,-1.0,-2.0,0.48251211643218994,0.06621658802032471,0.09736114740371704,low_error,1.14270724295491
multitask,10.0,1,PA36,PA36_Reverse_Optical_Flow_Foward_Texture_2_18_01_PM,148.2013,291,5-10,complete_dynamic,0,1,7.0,8.015287399291992,0.0,-2.0,-2.0,0.49866798520088196,0.030383404344320297,0.03341355919837952,low_error,1.14270724295491
multitask,10.0,1,PA36,PA36_Reverse_Optical_Flow_Foward_Texture_2_18_01_PM,148.7049,292,5-10,complete_dynamic,0,1,7.0,8.018128395080566,0.0,-2.0,-2.0,0.5004257559776306,-0.014698069542646408,-0.019832462072372437,low_error,1.14270724295491
multitask,10.0,1,PA36,PA36_Reverse_Optical_Flow_Foward_Texture_2_18_01_PM,149.2102,293,5-10,complete_dynamic,0,1,7.0,7.999610900878906,0.0,-4.0,-2.0,0.49215760827064514,-0.07467024028301239,-0.08154341578483582,low_error,1.14270724295491
multitask,10.0,1,PA36,PA36_Reverse_Optical_Flow_Foward_Texture_2_18_01_PM,149.7113,294,5-10,complete_dynamic,0,1,7.0,7.701835632324219,0.0,-4.0,-2.0,0.4711783230304718,-0.09025759994983673,-0.019984394311904907,low_error,1.14270724295491
multitask,10.0,1,PA36,PA36_Reverse_Optical_Flow_Foward_Texture_2_18_01_PM,150.2247,295,5-10,complete_dynamic,0,1,7.0,7.896768093109131,0.0,-4.0,-2.0,0.47311708331108093,-0.08088250458240509,-0.0030528903007507324,low_error,1.14270724295491
multitask,10.0,1,PA36,PA36_Reverse_Optical_Flow_Foward_Texture_2_18_01_PM,150.7251,296,5-10,complete_dynamic,0,1,7.0,7.759573936462402,0.0,-2.0,-2.0,0.4707624316215515,-0.028521928936243057,0.03790326416492462,low_error,1.14270724295491
multitask,10.0,1,PA36,PA36_Reverse_Optical_Flow_Foward_Texture_2_18_01_PM,151.2395,297,5-10,complete_dynamic,0,1,7.0,7.644235134124756,0.0,-3.0,-2.0,0.4723401367664337,-0.008694294840097427,0.06107434630393982,low_error,1.14270724295491
multitask,10.0,1,PA36,PA36_Reverse_Optical_Flow_Foward_Texture_2_18_01_PM,151.743,298,5-10,complete_dynamic,0,1,7.0,7.465822219848633,0.0,-3.0,-2.0,0.4653392732143402,0.01003098115324974,0.09500539302825928,low_error,1.14270724295491
multitask,10.0,1,PA36,PA36_Reverse_Optical_Flow_Foward_Texture_2_18_01_PM,152.2435,299,5-10,complete_dynamic,0,1,7.0,7.546526908874512,0.0,-3.0,-2.0,0.457377165555954,0.0025736503303050995,0.09336250275373459,low_error,1.14270724295491
multitask,10.0,1,PA36,PA36_Reverse_Optical_Flow_Foward_Texture_2_18_01_PM,152.7522,300,5-10,complete_dynamic,1,0,6.0,7.478212356567383,1.0,-1.0,0.0,0.4470035433769226,0.005395930260419846,0.11387711763381958,low_error,1.14270724295491
multitask,10.0,1,PA36,PA36_Reverse_Optical_Flow_Foward_Texture_2_18_01_PM,153.2643,301,5-10,complete_dynamic,1,0,5.0,7.26229190826416,1.0,0.0,1.0,0.5064581632614136,0.1702403575181961,0.19683441519737244,low_error,1.14270724295491
multitask,10.0,1,PA36,PA36_Reverse_Optical_Flow_Foward_Texture_2_18_01_PM,153.7666,302,5-10,complete_dynamic,0,1,5.0,7.2869486808776855,0.0,0.0,1.0,0.483674019575119,0.2396053522825241,0.3651624023914337,low_error,1.14270724295491
multitask,10.0,1,PA36,PA36_Reverse_Optical_Flow_Foward_Texture_2_18_01_PM,154.2669,303,0-5,complete_dynamic,1,0,3.0,7.214285850524902,1.0,2.0,3.0,0.4959947168827057,0.27745962142944336,0.381339967250824,low_error,1.14270724295491
multitask,10.0,1,PA36,PA36_Reverse_Optical_Flow_Foward_Texture_2_18_01_PM,154.781,304,0-5,complete_dynamic,0,1,3.0,7.204044342041016,0.0,2.0,3.0,0.49479010701179504,0.2680869996547699,0.3665940463542938,low_error,1.14270724295491
multitask,10.0,1,PA36,PA36_Reverse_Optical_Flow_Foward_Texture_2_18_01_PM,155.2945,305,0-5,complete_dynamic,0,1,3.0,7.2827558517456055,0.0,2.0,3.0,0.4927847683429718,0.24703355133533478,0.3458985388278961,low_error,1.14270724295491
multitask,10.0,1,PA36,PA36_Reverse_Optical_Flow_Foward_Texture_2_18_01_PM,155.8115,306,5-10,complete_dynamic,1,0,5.0,7.156270503997803,1.0,0.0,1.0,0.49889427423477173,0.25972872972488403,0.34377843141555786,low_error,1.14270724295491
multitask,10.0,1,PA36,PA36_Reverse_Optical_Flow_Foward_Texture_2_18_01_PM,156.3221,307,0-5,complete_dynamic,1,0,4.0,6.873862266540527,1.0,1.0,2.0,0.4827831983566284,0.26919618248939514,0.37240317463874817,low_error,1.14270724295491
multitask,10.0,1,PA36,PA36_Reverse_Optical_Flow_Foward_Texture_2_18_01_PM,156.8401,308,0-5,complete_dynamic,0,1,4.0,6.645900726318359,0.0,1.0,2.0,0.48570623993873596,0.230387344956398,0.31485819816589355,low_error,1.14270724295491
multitask,10.0,1,PA36,PA36_Reverse_Optical_Flow_Foward_Texture_2_18_01_PM,157.3485,309,0-5,complete_dynamic,0,1,4.0,6.660257816314697,0.0,1.0,2.0,0.5020066499710083,0.16851674020290375,0.22457560896873474,low_error,1.14270724295491
multitask,10.0,1,PA36,PA36_Reverse_Optical_Flow_Foward_Texture_2_18_01_PM,157.849,310,5-10,complete_dynamic,1,0,5.0,6.690598487854004,1.0,1.0,1.0,0.49308866262435913,0.1244676262140274,0.18456122279167175,low_error,1.14270724295491
multitask,10.0,1,PA36,PA36_Reverse_Optical_Flow_Foward_Texture_2_18_01_PM,158.3636,311,5-10,complete_dynamic,0,1,5.0,6.550477981567383,0.0,1.0,1.0,0.48407748341560364,0.12005096673965454,0.2020174115896225,low_error,1.14270724295491
multitask,10.0,1,PA36,PA36_Reverse_Optical_Flow_Foward_Texture_2_18_01_PM,158.8645,312,5-10,complete_dynamic,0,1,5.0,6.341826438903809,0.0,1.0,1.0,0.4821438193321228,0.11451561748981476,0.21982711553573608,low_error,1.14270724295491
multitask,10.0,1,PA36,PA36_Reverse_Optical_Flow_Foward_Texture_2_18_01_PM,159.3679,313,5-10,complete_dynamic,0,1,5.0,6.965683937072754,0.0,1.0,1.0,0.5191245675086975,0.22971771657466888,0.28313279151916504,low_error,1.14270724295491
multitask,10.0,1,PA36,PA36_Reverse_Optical_Flow_Foward_Texture_2_18_01_PM,159.8771,314,5-10,complete_dynamic,0,1,5.0,6.940899848937988,0.0,1.0,1.0,0.5565921068191528,0.3806690275669098,0.3888488709926605,low_error,1.14270724295491
multitask,10.0,1,PA36,PA36_Reverse_Optical_Flow_Foward_Texture_2_18_01_PM,160.3779,315,5-10,complete_dynamic,0,1,5.0,6.8668212890625,0.0,1.0,1.0,0.5171871781349182,0.2787792384624481,0.36143916845321655,low_error,1.14270724295491
multitask,10.0,1,PA36,PA36_Reverse_Optical_Flow_Foward_Texture_2_18_01_PM,160.8905,316,5-10,complete_dynamic,0,1,5.0,7.11457633972168,0.0,1.0,1.0,0.5158077478408813,0.28687945008277893,0.30577123165130615,low_error,1.14270724295491
multitask,10.0,1,PA36,PA36_Reverse_Optical_Flow_Foward_Texture_2_18_01_PM,161.3909,317,5-10,complete_dynamic,0,1,5.0,7.061928749084473,0.0,1.0,1.0,0.5040369033813477,0.26614537835121155,0.31441569328308105,low_error,1.14270724295491
multitask,10.0,1,PA36,PA36_Reverse_Optical_Flow_Foward_Texture_2_18_01_PM,161.8913,318,5-10,complete_dynamic,0,1,5.0,7.194586753845215,0.0,1.0,1.0,0.5011991858482361,0.26917722821235657,0.30602383613586426,low_error,1.14270724295491
multitask,10.0,1,PA36,PA36_Reverse_Optical_Flow_Foward_Texture_2_18_01_PM,162.3918,319,5-10,complete_dynamic,0,1,5.0,7.479277610778809,0.0,1.0,1.0,0.4935527443885803,0.30867376923561096,0.3362122178077698,low_error,1.14270724295491
multitask,10.0,1,PA36,PA36_Reverse_Optical_Flow_Foward_Texture_2_18_01_PM,162.9098,320,5-10,complete_dynamic,1,0,6.0,7.452531814575195,1.0,0.0,0.0,0.4924730062484741,0.25216665863990784,0.306397020816803,low_error,1.14270724295491
multitask,10.0,1,PA36,PA36_Reverse_Optical_Flow_Foward_Texture_2_18_01_PM,163.4189,321,5-10,complete_dynamic,0,1,6.0,7.157726764678955,0.0,0.0,0.0,0.4832078516483307,0.1919119507074356,0.2842021584510803,low_error,1.14270724295491
multitask,10.0,1,PA36,PA36_Reverse_Optical_Flow_Foward_Texture_2_18_01_PM,163.9189,322,5-10,complete_dynamic,0,1,6.0,6.841892719268799,0.0,0.0,0.0,0.47677698731422424,0.18562345206737518,0.29406192898750305,low_error,1.14270724295491
multitask,10.0,1,PA36,PA36_Reverse_Optical_Flow_Foward_Texture_2_18_01_PM,164.4195,323,5-10,complete_dynamic,0,1,6.0,6.943174362182617,0.0,0.0,0.0,0.4746423065662384,0.1609519124031067,0.25195881724357605,low_error,1.14270724295491
multitask,10.0,1,PA36,PA36_Reverse_Optical_Flow_Foward_Texture_2_18_01_PM,164.9317,324,5-10,complete_dynamic,0,1,6.0,7.16239595413208,0.0,0.0,0.0,0.4768453538417816,0.12516190111637115,0.18484368920326233,low_error,1.14270724295491
multitask,10.0,1,PA36,PA36_Reverse_Optical_Flow_Foward_Texture_2_18_01_PM,165.432,325,5-10,complete_dynamic,0,1,6.0,7.495656967163086,0.0,0.0,1.0,0.48131710290908813,0.11396831274032593,0.17575377225875854,low_error,1.14270724295491
multitask,10.0,1,PA36,PA36_Reverse_Optical_Flow_Foward_Texture_2_18_01_PM,165.9461,326,5-10,complete_dynamic,0,1,6.0,7.741683483123779,0.0,0.0,2.0,0.47984281182289124,0.08593393862247467,0.12115725874900818,low_error,1.14270724295491
multitask,10.0,1,PA36,PA36_Reverse_Optical_Flow_Foward_Texture_2_18_01_PM,166.4521,327,5-10,complete_dynamic,0,1,6.0,7.850825786590576,0.0,0.0,2.0,0.4858982563018799,0.058693427592515945,0.09931842982769012,low_error,1.14270724295491
multitask,10.0,1,PA36,PA36_Reverse_Optical_Flow_Foward_Texture_2_18_01_PM,166.9608,328,5-10,complete_dynamic,0,1,6.0,7.8480682373046875,0.0,0.0,2.0,0.4988534450531006,0.08169086277484894,0.0776638388633728,low_error,1.14270724295491
multitask,10.0,1,PA36,PA36_Reverse_Optical_Flow_Foward_Texture_2_18_01_PM,167.4747,329,5-10,complete_dynamic,0,1,6.0,7.820359706878662,0.0,0.0,2.0,0.5037984251976013,0.06331698596477509,0.04547780752182007,low_error,1.14270724295491
multitask,10.0,1,PA36,PA36_Reverse_Optical_Flow_Foward_Texture_2_18_01_PM,167.9875,330,5-10,complete_dynamic,0,1,6.0,7.7881317138671875,0.0,0.0,2.0,0.5080881118774414,0.06988534331321716,0.0549938827753067,low_error,1.14270724295491
multitask,10.0,1,PA36,PA36_Reverse_Optical_Flow_Foward_Texture_2_18_01_PM,168.502,331,5-10,complete_dynamic,0,1,6.0,7.786107063293457,0.0,0.0,2.0,0.5111196637153625,0.07247331738471985,0.05831970274448395,low_error,1.14270724295491
multitask,10.0,1,PA36,PA36_Reverse_Optical_Flow_Foward_Texture_2_18_01_PM,169.0028,332,5-10,complete_dynamic,0,1,6.0,7.851555347442627,0.0,0.0,2.0,0.5095696449279785,0.060362134128808975,0.04076850414276123,low_error,1.14270724295491
multitask,10.0,1,PA36,PA36_Reverse_Optical_Flow_Foward_Texture_2_18_01_PM,169.516,333,5-10,complete_dynamic,0,1,6.0,7.336672782897949,0.0,0.0,2.0,0.4846051335334778,0.05426261946558952,0.11290162801742554,low_error,1.14270724295491
multitask,10.0,1,PA36,PA36_Reverse_Optical_Flow_Foward_Texture_2_18_01_PM,170.0285,334,5-10,complete_dynamic,0,1,6.0,7.242893218994141,0.0,0.0,2.0,0.45511406660079956,0.039428893476724625,0.14824509620666504,low_error,1.14270724295491
multitask,10.0,1,PA36,PA36_Reverse_Optical_Flow_Foward_Texture_2_18_01_PM,170.5432,335,5-10,complete_dynamic,0,1,6.0,7.6804728507995605,0.0,1.0,2.0,0.4624398946762085,0.026232797652482986,0.14043386280536652,low_error,1.14270724295491
multitask,10.0,1,PA36,PA36_Reverse_Optical_Flow_Foward_Texture_2_18_01_PM,171.0574,336,5-10,complete_dynamic,0,1,6.0,7.9024505615234375,0.0,2.0,2.0,0.47880128026008606,0.07899457216262817,0.1778675615787506,low_error,1.14270724295491
multitask,10.0,1,PA36,PA36_Reverse_Optical_Flow_Foward_Texture_2_18_01_PM,171.5592,337,5-10,complete_dynamic,0,1,6.0,7.883817672729492,0.0,2.0,2.0,0.4823491871356964,0.1253949999809265,0.2277987152338028,low_error,1.14270724295491
multitask,10.0,1,PA36,PA36_Reverse_Optical_Flow_Foward_Texture_2_18_01_PM,172.0754,338,5-10,complete_dynamic,0,1,6.0,7.74300479888916,0.0,2.0,2.0,0.477568656206131,0.12687920033931732,0.2474684715270996,low_error,1.14270724295491
multitask,10.0,1,PA36,PA36_Reverse_Optical_Flow_Foward_Texture_2_18_01_PM,172.5851,339,5-10,complete_dynamic,0,1,6.0,7.561532020568848,0.0,2.0,2.0,0.49081549048423767,0.1632000356912613,0.2605363428592682,low_error,1.14270724295491
multitask,10.0,1,PA36,PA36_Reverse_Optical_Flow_Foward_Texture_2_18_01_PM,173.0858,340,5-10,complete_dynamic,0,1,6.0,7.520051956176758,0.0,2.0,2.0,0.4917765259742737,0.14787563681602478,0.23996123671531677,low_error,1.14270724295491
multitask,10.0,1,PA36,PA36_Reverse_Optical_Flow_Foward_Texture_2_18_01_PM,173.5998,341,5-10,complete_dynamic,0,1,6.0,7.478761196136475,0.0,2.0,2.0,0.5060430765151978,0.2322213500738144,0.2989647090435028,low_error,1.14270724295491
multitask,10.0,1,PA36,PA36_Reverse_Optical_Flow_Foward_Texture_2_18_01_PM,174.1134,342,5-10,complete_dynamic,0,1,6.0,7.49272346496582,0.0,2.0,2.0,0.5124596357345581,0.22399993240833282,0.2640247344970703,low_error,1.14270724295491
multitask,10.0,1,PA36,PA36_Reverse_Optical_Flow_Foward_Texture_2_18_01_PM,174.6259,343,5-10,complete_dynamic,0,1,6.0,7.606656074523926,0.0,2.0,2.0,0.4976535737514496,0.09665176272392273,0.16854228079319,low_error,1.14270724295491
multitask,10.0,1,PA36,PA36_Reverse_Optical_Flow_Foward_Texture_2_18_01_PM,175.1276,344,5-10,complete_dynamic,0,1,6.0,7.74179744720459,0.0,2.0,2.0,0.5098028182983398,0.15748842060565948,0.21539287269115448,low_error,1.14270724295491
multitask,10.0,1,PA36,PA36_Reverse_Optical_Flow_Foward_Texture_2_18_01_PM,175.6413,345,5-10,complete_dynamic,1,0,7.0,7.865678787231445,1.0,1.0,1.0,0.5121883749961853,0.1992349475622177,0.2596670687198639,low_error,1.14270724295491
multitask,10.0,1,PA36,PA36_Reverse_Optical_Flow_Foward_Texture_2_18_01_PM,176.1549,346,5-10,complete_dynamic,1,0,8.0,7.780604362487793,1.0,0.0,0.0,0.5236318111419678,0.3326818645000458,0.4676145911216736,low_error,1.14270724295491
multitask,10.0,1,PA36,PA36_Reverse_Optical_Flow_Foward_Texture_2_18_01_PM,176.6606,347,5-10,complete_dynamic,0,1,8.0,7.888127326965332,0.0,0.0,0.0,0.5167471170425415,0.2092379778623581,0.2997017502784729,low_error,1.14270724295491
multitask,10.0,1,PA36,PA36_Reverse_Optical_Flow_Foward_Texture_2_18_01_PM,177.1679,348,5-10,complete_dynamic,0,1,8.0,7.91385555267334,0.0,0.0,0.0,0.508194625377655,0.1733262538909912,0.24541082978248596,low_error,1.14270724295491
multitask,10.0,1,PA36,PA36_Reverse_Optical_Flow_Foward_Texture_2_18_01_PM,177.6829,349,5-10,complete_dynamic,0,1,8.0,7.913121223449707,0.0,0.0,0.0,0.5004849433898926,0.15108048915863037,0.21704548597335815,low_error,1.14270724295491
multitask,10.0,1,PA36,PA36_Reverse_Optical_Flow_Foward_Texture_2_18_01_PM,178.1967,350,5-10,complete_dynamic,0,1,8.0,8.040811538696289,0.0,0.0,0.0,0.4884069263935089,0.08807280659675598,0.10590621083974838,low_error,1.14270724295491
multitask,10.0,1,PA36,PA36_Reverse_Optical_Flow_Foward_Texture_2_18_01_PM,178.6971,351,5-10,complete_dynamic,0,1,8.0,8.13912296295166,0.0,0.0,0.0,0.48682108521461487,0.05473672226071358,0.08791585266590118,low_error,1.14270724295491
multitask,10.0,1,PA36,PA36_Reverse_Optical_Flow_Foward_Texture_2_18_01_PM,179.1975,352,5-10,complete_dynamic,0,1,8.0,8.178473472595215,0.0,0.0,0.0,0.4771213233470917,0.05028870329260826,0.0685078501701355,low_error,1.14270724295491
multitask,10.0,1,PA36,PA36_Reverse_Optical_Flow_Foward_Texture_2_18_01_PM,179.7094,353,5-10,complete_dynamic,0,1,8.0,8.254611015319824,0.0,0.0,0.0,0.4858803153038025,0.030926477164030075,0.03851907700300217,low_error,1.14270724295491
multitask,10.0,1,PA36,PA36_Reverse_Optical_Flow_Foward_Texture_2_18_01_PM,180.2095,354,5-10,complete_dynamic,0,1,8.0,8.443674087524414,0.0,0.0,0.0,0.49583700299263,0.14169366657733917,0.12109407782554626,low_error,1.14270724295491
multitask,10.0,1,PA36,PA36_Reverse_Optical_Flow_Foward_Texture_2_18_01_PM,180.7243,355,5-10,complete_dynamic,0,1,8.0,8.407737731933594,0.0,0.0,0.0,0.5059700608253479,0.22739900648593903,0.18767096102237701,low_error,1.14270724295491
multitask,10.0,1,PA36,PA36_Reverse_Optical_Flow_Foward_Texture_2_18_01_PM,181.242,356,5-10,complete_dynamic,0,1,8.0,8.198446273803711,0.0,0.0,0.0,0.47014808654785156,0.036201294511556625,0.05557301640510559,low_error,1.14270724295491
multitask,10.0,1,PA36,PA36_Reverse_Optical_Flow_Foward_Texture_2_18_01_PM,181.7508,357,5-10,complete_dynamic,0,1,8.0,8.385714530944824,0.0,0.0,0.0,0.48599904775619507,-0.013100732117891312,-0.02093486487865448,low_error,1.14270724295491
multitask,10.0,1,PA36,PA36_Reverse_Optical_Flow_Foward_Texture_2_18_01_PM,182.2651,358,5-10,complete_dynamic,0,1,8.0,8.208524703979492,0.0,0.0,0.0,0.5001184344291687,-0.04621674492955208,-0.06866732239723206,low_error,1.14270724295491
multitask,10.0,1,PA36,PA36_Reverse_Optical_Flow_Foward_Texture_2_18_01_PM,182.78,359,5-10,complete_dynamic,0,1,8.0,8.225908279418945,0.0,0.0,0.0,0.505509614944458,-0.04609008505940437,-0.04649658501148224,low_error,1.14270724295491
multitask,10.0,1,PA36,PA36_Reverse_Optical_Flow_Foward_Texture_2_18_01_PM,183.2923,360,5-10,complete_dynamic,0,1,8.0,8.290138244628906,0.0,0.0,0.0,0.5010325312614441,-0.02233782783150673,-0.008130550384521484,low_error,1.14270724295491
multitask,10.0,1,PA36,PA36_Reverse_Optical_Flow_Foward_Texture_2_18_01_PM,183.8075,361,5-10,complete_dynamic,0,1,8.0,8.119465827941895,0.0,0.0,0.0,0.49721595644950867,0.010484319180250168,0.043507158756256104,low_error,1.14270724295491
multitask,10.0,1,PA36,PA36_Reverse_Optical_Flow_Foward_Texture_2_18_01_PM,184.3115,362,5-10,complete_dynamic,0,1,8.0,8.12344741821289,0.0,0.0,0.0,0.49135100841522217,0.023533131927251816,0.06482638418674469,low_error,1.14270724295491
multitask,10.0,1,PA36,PA36_Reverse_Optical_Flow_Foward_Texture_2_18_01_PM,184.8212,363,5-10,complete_dynamic,0,1,8.0,8.01601505279541,0.0,0.0,0.0,0.49283918738365173,0.05321661755442619,0.1070227399468422,low_error,1.14270724295491
multitask,10.0,1,PA36,PA36_Reverse_Optical_Flow_Foward_Texture_2_18_01_PM,185.3347,364,5-10,complete_dynamic,0,1,8.0,7.867499828338623,0.0,0.0,0.0,0.493083119392395,0.08233968913555145,0.1490330994129181,low_error,1.14270724295491
multitask,10.0,1,PA36,PA36_Reverse_Optical_Flow_Foward_Texture_2_18_01_PM,185.8351,365,5-10,complete_dynamic,0,1,8.0,7.8556389808654785,0.0,0.0,0.0,0.5041847825050354,0.17475955188274384,0.22772474586963654,low_error,1.14270724295491
multitask,10.0,1,PA36,PA36_Reverse_Optical_Flow_Foward_Texture_2_18_01_PM,186.3353,366,5-10,complete_dynamic,0,1,8.0,7.718462944030762,0.0,0.0,0.0,0.5065528154373169,0.2072150558233261,0.26536327600479126,low_error,1.14270724295491
multitask,10.0,1,PA36,PA36_Reverse_Optical_Flow_Foward_Texture_2_18_01_PM,186.8474,367,5-10,complete_dynamic,0,1,8.0,7.428013801574707,0.0,0.0,0.0,0.5355662703514099,0.38059481978416443,0.3198397755622864,low_error,1.14270724295491
multitask,10.0,1,PA36,PA36_Reverse_Optical_Flow_Foward_Texture_2_18_01_PM,187.3476,368,5-10,complete_dynamic,0,1,8.0,7.709101676940918,0.0,0.0,0.0,0.5221242904663086,0.303331583738327,0.3568406403064728,low_error,1.14270724295491
multitask,10.0,1,PA36,PA36_Reverse_Optical_Flow_Foward_Texture_2_18_01_PM,187.8479,369,5-10,complete_dynamic,0,1,8.0,7.8790411949157715,0.0,0.0,0.0,0.5073106288909912,0.2523778975009918,0.3144768476486206,low_error,1.14270724295491
multitask,10.0,1,PA36,PA36_Reverse_Optical_Flow_Foward_Texture_2_18_01_PM,188.3486,370,5-10,complete_dynamic,0,1,8.0,7.838066101074219,0.0,0.0,0.0,0.4941026568412781,0.22818966209888458,0.303378164768219,low_error,1.14270724295491
multitask,10.0,1,PA36,PA36_Reverse_Optical_Flow_Foward_Texture_2_18_01_PM,188.8629,371,5-10,complete_dynamic,0,1,8.0,7.875149726867676,0.0,0.0,0.0,0.482587605714798,0.22532354295253754,0.2991618812084198,low_error,1.14270724295491
multitask,10.0,1,PA36,PA36_Reverse_Optical_Flow_Foward_Texture_2_18_01_PM,189.3697,372,5-10,complete_dynamic,0,1,8.0,7.710933208465576,0.0,0.0,0.0,0.470859557390213,0.262341171503067,0.34467336535453796,low_error,1.14270724295491
multitask,10.0,1,PA36,PA36_Reverse_Optical_Flow_Foward_Texture_2_18_01_PM,189.8768,373,5-10,complete_dynamic,0,1,8.0,7.7417402267456055,0.0,0.0,0.0,0.4645865261554718,0.26820364594459534,0.3546189069747925,low_error,1.14270724295491
multitask,10.0,1,PA36,PA36_Reverse_Optical_Flow_Foward_Texture_2_18_01_PM,190.3915,374,5-10,complete_dynamic,0,1,8.0,7.629785537719727,0.0,0.0,0.0,0.464472234249115,0.27171090245246887,0.36630162596702576,low_error,1.14270724295491
multitask,10.0,1,PA36,PA36_Reverse_Optical_Flow_Foward_Texture_2_18_01_PM,190.905,375,5-10,complete_dynamic,0,1,8.0,7.70150899887085,0.0,0.0,0.0,0.45626264810562134,0.24293436110019684,0.3387264013290405,low_error,1.14270724295491
multitask,10.0,1,PA36,PA36_Reverse_Optical_Flow_Foward_Texture_2_18_01_PM,191.4194,376,5-10,complete_dynamic,0,1,8.0,7.830478668212891,0.0,0.0,0.0,0.46649229526519775,0.1983802169561386,0.29966551065444946,low_error,1.14270724295491
multitask,10.0,1,PA36,PA36_Reverse_Optical_Flow_Foward_Texture_2_18_01_PM,191.9315,377,5-10,complete_dynamic,0,1,8.0,8.173240661621094,0.0,0.0,0.0,0.46720176935195923,0.166047140955925,0.25604888796806335,low_error,1.14270724295491
multitask,10.0,1,PA36,PA36_Reverse_Optical_Flow_Foward_Texture_2_18_01_PM,192.4465,378,5-10,complete_dynamic,0,1,8.0,7.900032997131348,0.0,0.0,0.0,0.49222704768180847,0.18999987840652466,0.25981855392456055,low_error,1.14270724295491
multitask,10.0,1,PA36,PA36_Reverse_Optical_Flow_Foward_Texture_2_18_01_PM,192.96,379,5-10,complete_dynamic,0,1,8.0,7.830843925476074,0.0,0.0,0.0,0.49204161763191223,0.19191409647464752,0.2660283148288727,low_error,1.14270724295491
multitask,10.0,1,PA36,PA36_Reverse_Optical_Flow_Foward_Texture_2_18_01_PM,193.4736,380,5-10,complete_dynamic,0,1,8.0,7.817539215087891,0.0,0.0,0.0,0.4838475286960602,0.21543608605861664,0.32269158959388733,low_error,1.14270724295491
multitask,10.0,1,PA36,PA36_Reverse_Optical_Flow_Foward_Texture_2_18_01_PM,193.9877,381,5-10,complete_dynamic,0,1,8.0,7.575404167175293,0.0,0.0,0.0,0.49410927295684814,0.247832253575325,0.35018613934516907,low_error,1.14270724295491
multitask,10.0,1,PA36,PA36_Reverse_Optical_Flow_Foward_Texture_2_18_01_PM,194.5001,382,5-10,complete_dynamic,0,1,8.0,7.5103654861450195,0.0,0.0,0.0,0.49942660331726074,0.2717989981174469,0.39204442501068115,low_error,1.14270724295491
multitask,10.0,1,PA36,PA36_Reverse_Optical_Flow_Foward_Texture_2_18_01_PM,195.0011,383,5-10,complete_dynamic,0,1,8.0,7.673858165740967,0.0,0.0,0.0,0.5314127802848816,0.32005661725997925,0.314433753490448,low_error,1.14270724295491
multitask,10.0,1,PA36,PA36_Reverse_Optical_Flow_Foward_Texture_2_18_01_PM,195.5154,384,5-10,complete_dynamic,0,1,8.0,7.979042053222656,0.0,0.0,0.0,0.5334197282791138,0.23883403837680817,0.20155450701713562,low_error,1.14270724295491
multitask,10.0,1,PA36,PA36_Reverse_Optical_Flow_Foward_Texture_2_18_01_PM,196.0331,385,5-10,complete_dynamic,0,1,8.0,8.083871841430664,0.0,0.0,0.0,0.5261144638061523,0.1637137085199356,0.13639900088310242,low_error,1.14270724295491
multitask,10.0,1,PA36,PA36_Reverse_Optical_Flow_Foward_Texture_2_18_01_PM,196.543,386,5-10,complete_dynamic,0,1,8.0,8.219017028808594,0.0,0.0,0.0,0.527698278427124,0.10345529019832611,0.058760374784469604,low_error,1.14270724295491
multitask,10.0,1,PA36,PA36_Reverse_Optical_Flow_Foward_Texture_2_18_01_PM,197.0604,387,5-10,complete_dynamic,0,1,8.0,8.270865440368652,0.0,0.0,0.0,0.5331387519836426,0.06805765628814697,0.015110582113265991,low_error,1.14270724295491
multitask,10.0,1,PA36,PA36_Reverse_Optical_Flow_Foward_Texture_2_18_01_PM,197.5698,388,5-10,complete_dynamic,0,1,8.0,8.427851676940918,0.0,0.0,0.0,0.5403317809104919,0.058967653661966324,-0.01116129755973816,low_error,1.14270724295491
multitask,10.0,1,PA36,PA36_Reverse_Optical_Flow_Foward_Texture_2_18_01_PM,198.0839,389,5-10,complete_dynamic,0,1,8.0,8.373964309692383,0.0,0.0,0.0,0.5433108806610107,0.033367615193128586,-0.019812166690826416,low_error,1.14270724295491
multitask,10.0,1,PA36,PA36_Reverse_Optical_Flow_Foward_Texture_2_18_01_PM,198.5846,390,5-10,complete_dynamic,0,1,8.0,8.525922775268555,0.0,0.0,0.0,0.5467721223831177,-0.0054925791919231415,-0.07699918746948242,low_error,1.14270724295491
multitask,10.0,1,PA36,PA36_Reverse_Optical_Flow_Foward_Texture_2_18_01_PM,199.0978,391,5-10,complete_dynamic,0,1,8.0,8.755321502685547,0.0,0.0,0.0,0.5531277060508728,-0.023942220956087112,-0.11530554294586182,low_error,1.14270724295491
multitask,10.0,1,PA36,PA36_Reverse_Optical_Flow_Foward_Texture_2_18_01_PM,199.6102,392,5-10,complete_dynamic,0,1,8.0,8.91546630859375,0.0,0.0,0.0,0.559772253036499,-0.04183715581893921,-0.12817594408988953,low_error,1.14270724295491
multitask,10.0,1,PA36,PA36_Reverse_Optical_Flow_Foward_Texture_2_18_01_PM,200.1106,393,5-10,complete_dynamic,0,1,8.0,9.192627906799316,0.0,0.0,0.0,0.5716843605041504,-0.07902795076370239,-0.1713491678237915,low_error,1.14270724295491
multitask,10.0,1,PA36,PA36_Reverse_Optical_Flow_Foward_Texture_2_18_01_PM,200.6182,394,5-10,complete_dynamic,0,1,8.0,9.426189422607422,0.0,0.0,0.0,0.5937253832817078,-0.10584323108196259,-0.25027382373809814,low_error,1.14270724295491
multitask,10.0,1,PA36,PA36_Reverse_Optical_Flow_Foward_Texture_2_18_01_PM,201.1251,395,5-10,complete_dynamic,0,1,8.0,9.542516708374023,0.0,0.0,0.0,0.6041181683540344,-0.16643425822257996,-0.3331129848957062,low_error,1.14270724295491
multitask,10.0,1,PA36,PA36_Reverse_Optical_Flow_Foward_Texture_2_18_01_PM,201.6392,396,5-10,complete_dynamic,0,1,8.0,9.847097396850586,0.0,0.0,0.0,0.6096659302711487,-0.19066442549228668,-0.38813984394073486,low_error,1.14270724295491
multitask,10.0,1,PA36,PA36_Reverse_Optical_Flow_Foward_Texture_2_18_01_PM,202.1527,397,5-10,complete_dynamic,0,1,8.0,10.033368110656738,0.0,0.0,0.0,0.6068448424339294,-0.17856954038143158,-0.3696897029876709,low_error,1.14270724295491
multitask,10.0,1,PA36,PA36_Reverse_Optical_Flow_Foward_Texture_2_18_01_PM,202.6678,398,5-10,complete_dynamic,0,1,8.0,10.101422309875488,0.0,0.0,0.0,0.6005480885505676,-0.23592132329940796,-0.3847179412841797,low_error,1.14270724295491
multitask,10.0,1,PA36,PA36_Reverse_Optical_Flow_Foward_Texture_2_18_01_PM,203.1678,399,5-10,complete_dynamic,0,1,8.0,10.378402709960938,0.0,0.0,0.0,0.591789186000824,-0.27291736006736755,-0.4283503592014313,low_error,1.14270724295491
multitask,10.0,1,PA36,PA36_Reverse_Optical_Flow_Foward_Texture_2_18_01_PM,203.6807,400,5-10,complete_dynamic,0,1,8.0,10.558345794677734,0.0,0.0,0.0,0.5965608358383179,-0.25765493512153625,-0.41937750577926636,low_error,1.14270724295491
multitask,10.0,1,PA36,PA36_Reverse_Optical_Flow_Foward_Texture_2_18_01_PM,204.1823,401,5-10,complete_dynamic,0,1,8.0,10.414645195007324,0.0,0.0,0.0,0.5912871360778809,-0.2170969694852829,-0.355923056602478,low_error,1.14270724295491
multitask,10.0,1,PA36,PA36_Reverse_Optical_Flow_Foward_Texture_2_18_01_PM,204.6947,402,5-10,complete_dynamic,0,1,8.0,10.244865417480469,0.0,0.0,0.0,0.580111026763916,-0.1859072893857956,-0.30643194913864136,low_error,1.14270724295491
multitask,10.0,1,PA36,PA36_Reverse_Optical_Flow_Foward_Texture_2_18_01_PM,205.1999,403,5-10,complete_dynamic,0,1,8.0,10.142648696899414,0.0,0.0,0.0,0.5729131698608398,-0.14446938037872314,-0.2454155683517456,low_error,1.14270724295491
multitask,10.0,1,PA36,PA36_Reverse_Optical_Flow_Foward_Texture_2_18_01_PM,205.7077,404,5-10,complete_dynamic,0,1,8.0,10.191987991333008,0.0,0.0,0.0,0.5655335783958435,-0.08842729777097702,-0.17282727360725403,low_error,1.14270724295491
multitask,10.0,1,PA36,PA36_Reverse_Optical_Flow_Foward_Texture_2_18_01_PM,206.208,405,5-10,complete_dynamic,0,1,8.0,9.85682201385498,0.0,0.0,0.0,0.5567460656166077,-0.024961261078715324,-0.08514899015426636,low_error,1.14270724295491
multitask,10.0,1,PA36,PA36_Reverse_Optical_Flow_Foward_Texture_2_18_01_PM,206.7085,406,5-10,complete_dynamic,0,1,8.0,9.786706924438477,0.0,0.0,0.0,0.5532357692718506,0.027012113481760025,-0.03478825092315674,low_error,1.14270724295491
multitask,10.0,1,PA36,PA36_Reverse_Optical_Flow_Foward_Texture_2_18_01_PM,207.2224,407,5-10,complete_dynamic,0,1,8.0,9.543167114257812,0.0,0.0,0.0,0.548404335975647,0.08304046094417572,0.033906519412994385,low_error,1.14270724295491
multitask,10.0,1,PA36,PA36_Reverse_Optical_Flow_Foward_Texture_2_18_01_PM,207.7367,408,5-10,complete_dynamic,0,1,8.0,8.800484657287598,0.0,0.0,0.0,0.5316076874732971,0.07309600710868835,0.01762312650680542,low_error,1.14270724295491
multitask,10.0,1,PA36,PA36_Reverse_Optical_Flow_Foward_Texture_2_18_01_PM,208.2496,409,5-10,complete_dynamic,0,1,8.0,9.22482681274414,0.0,0.0,0.0,0.5636573433876038,0.03679502382874489,-0.0555872917175293,low_error,1.14270724295491
multitask,10.0,1,PA36,PA36_Reverse_Optical_Flow_Foward_Texture_2_18_01_PM,208.7501,410,5-10,complete_dynamic,0,1,8.0,9.340738296508789,0.0,0.0,0.0,0.5836872458457947,0.02784622833132744,-0.10887321829795837,low_error,1.14270724295491
multitask,10.0,1,PA36,PA36_Reverse_Optical_Flow_Foward_Texture_2_18_01_PM,209.2655,411,5-10,complete_dynamic,0,1,8.0,9.651694297790527,0.0,0.0,0.0,0.5977789163589478,0.009551126509904861,-0.15056511759757996,low_error,1.14270724295491
multitask,10.0,1,PA36,PA36_Reverse_Optical_Flow_Foward_Texture_2_18_01_PM,209.7838,412,5-10,complete_dynamic,0,1,8.0,9.406488418579102,0.0,0.0,0.0,0.5913717150688171,0.023938696831464767,-0.08574938774108887,low_error,1.14270724295491
multitask,10.0,1,PA36,PA36_Reverse_Optical_Flow_Foward_Texture_2_18_01_PM,210.2913,413,5-10,complete_dynamic,0,1,8.0,9.505888938903809,0.0,0.0,0.0,0.6007388234138489,0.008732322603464127,-0.12138164043426514,low_error,1.14270724295491
multitask,10.0,1,PA36,PA36_Reverse_Optical_Flow_Foward_Texture_2_18_01_PM,210.8058,414,5-10,complete_dynamic,0,1,8.0,9.76168441772461,0.0,0.0,0.0,0.629075825214386,-0.0007400363683700562,-0.18130993843078613,low_error,1.14270724295491
multitask,10.0,1,PA36,PA36_Reverse_Optical_Flow_Foward_Texture_2_18_01_PM,211.3071,415,5-10,complete_dynamic,0,1,8.0,9.95591926574707,0.0,0.0,0.0,0.6367231607437134,-0.0280807726085186,-0.2331320345401764,low_error,1.14270724295491
multitask,10.0,1,PA36,PA36_Reverse_Optical_Flow_Foward_Texture_2_18_01_PM,211.8195,416,5-10,complete_dynamic,0,1,8.0,10.122949600219727,0.0,0.0,0.0,0.6555514335632324,-0.08422783017158508,-0.32039985060691833,low_error,1.14270724295491
multitask,10.0,1,PA36,PA36_Reverse_Optical_Flow_Foward_Texture_2_18_01_PM,212.3325,417,5-10,complete_dynamic,0,1,8.0,9.841266632080078,0.0,0.0,0.0,0.6390158534049988,-0.11549946665763855,-0.26115256547927856,low_error,1.14270724295491
multitask,10.0,1,PA36,PA36_Reverse_Optical_Flow_Foward_Texture_2_18_01_PM,212.8326,418,5-10,complete_dynamic,0,1,8.0,9.703110694885254,0.0,0.0,0.0,0.6358750462532043,-0.10825860500335693,-0.22950127720832825,low_error,1.14270724295491
multitask,10.0,1,PA36,PA36_Reverse_Optical_Flow_Foward_Texture_2_18_01_PM,213.3337,419,5-10,complete_dynamic,0,1,8.0,9.299530982971191,0.0,0.0,0.0,0.6326666474342346,-0.07169022411108017,-0.15334075689315796,low_error,1.14270724295491
multitask,10.0,1,PA36,PA36_Reverse_Optical_Flow_Foward_Texture_2_18_01_PM,213.8473,420,5-10,complete_dynamic,0,1,8.0,9.112424850463867,0.0,0.0,0.0,0.6300469040870667,-0.05791270732879639,-0.12137177586555481,low_error,1.14270724295491
multitask,10.0,1,PA36,PA36_Reverse_Optical_Flow_Foward_Texture_2_18_01_PM,214.3477,421,5-10,complete_dynamic,0,1,8.0,9.070401191711426,0.0,0.0,0.0,0.6275365948677063,-0.055786922574043274,-0.11486554145812988,low_error,1.14270724295491
multitask,10.0,1,PA36,PA36_Reverse_Optical_Flow_Foward_Texture_2_18_01_PM,214.8617,422,5-10,complete_dynamic,0,1,8.0,9.023672103881836,0.0,0.0,0.0,0.6244905591011047,-0.05480806156992912,-0.11155295372009277,low_error,1.14270724295491
multitask,10.0,1,PA36,PA36_Reverse_Optical_Flow_Foward_Texture_2_18_01_PM,215.3619,423,5-10,complete_dynamic,0,1,8.0,8.963271141052246,0.0,0.0,0.0,0.6211007833480835,-0.056010402739048004,-0.11216267943382263,low_error,1.14270724295491
multitask,10.0,1,PA36,PA36_Reverse_Optical_Flow_Foward_Texture_2_18_01_PM,215.8753,424,5-10,complete_dynamic,0,1,8.0,8.613868713378906,0.0,0.0,0.0,0.6213566660881042,0.019173216074705124,-0.05258709192276001,low_error,1.14270724295491
multitask,10.0,1,PA36,PA36_Reverse_Optical_Flow_Foward_Texture_2_18_01_PM,216.3754,425,5-10,complete_dynamic,0,1,8.0,8.620843887329102,0.0,0.0,0.0,0.6229530572891235,0.03848114237189293,-0.057897329330444336,low_error,1.14270724295491
multitask,10.0,1,PA36,PA36_Reverse_Optical_Flow_Foward_Texture_2_18_01_PM,216.888,426,5-10,complete_dynamic,0,1,8.0,8.644315719604492,0.0,0.0,0.0,0.6235125660896301,0.06615994870662689,-0.04760459065437317,low_error,1.14270724295491
multitask,10.0,1,PA36,PA36_Reverse_Optical_Flow_Foward_Texture_2_18_01_PM,217.3882,427,5-10,complete_dynamic,0,1,8.0,8.747997283935547,0.0,0.0,0.0,0.6187734007835388,0.09375476837158203,-0.03996846079826355,low_error,1.14270724295491
multitask,10.0,1,PA36,PA36_Reverse_Optical_Flow_Foward_Texture_2_18_01_PM,217.9081,428,5-10,complete_dynamic,0,1,8.0,8.526233673095703,0.0,0.0,0.0,0.6020132303237915,0.16614627838134766,0.045878052711486816,low_error,1.14270724295491
multitask,10.0,1,PA36,PA36_Reverse_Optical_Flow_Foward_Texture_2_18_01_PM,218.4167,429,5-10,complete_dynamic,0,1,8.0,8.321188926696777,0.0,0.0,0.0,0.5809383392333984,0.2236374467611313,0.13315966725349426,low_error,1.14270724295491
multitask,10.0,1,PA36,PA36_Reverse_Optical_Flow_Foward_Texture_2_18_01_PM,218.9167,430,5-10,complete_dynamic,0,1,8.0,8.395557403564453,0.0,0.0,0.0,0.563908040523529,0.24369533360004425,0.18643991649150848,low_error,1.14270724295491
multitask,10.0,1,PA36,PA36_Reverse_Optical_Flow_Foward_Texture_2_18_01_PM,219.4177,431,5-10,complete_dynamic,0,1,8.0,8.296802520751953,0.0,0.0,0.0,0.5408698320388794,0.21439464390277863,0.20589576661586761,low_error,1.14270724295491
multitask,10.0,1,PA36,PA36_Reverse_Optical_Flow_Foward_Texture_2_18_01_PM,219.9263,432,5-10,complete_dynamic,0,1,8.0,8.354923248291016,0.0,0.0,0.0,0.5269804000854492,0.18544502556324005,0.18266114592552185,low_error,1.14270724295491
multitask,10.0,1,PA36,PA36_Reverse_Optical_Flow_Foward_Texture_2_18_01_PM,220.4312,433,5-10,complete_dynamic,0,1,8.0,8.303751945495605,0.0,0.0,0.0,0.5143421292304993,0.18209631741046906,0.1956314891576767,low_error,1.14270724295491
multitask,10.0,1,PA36,PA36_Reverse_Optical_Flow_Foward_Texture_2_18_01_PM,220.9445,434,5-10,complete_dynamic,0,1,8.0,8.491073608398438,0.0,0.0,-1.0,0.4956076145172119,0.1608036458492279,0.1687941700220108,low_error,1.14270724295491
multitask,10.0,1,PA36,PA36_Reverse_Optical_Flow_Foward_Texture_2_18_01_PM,221.4447,435,5-10,complete_dynamic,0,1,8.0,8.49925422668457,0.0,0.0,-3.0,0.517197847366333,0.15466156601905823,0.12916350364685059,low_error,1.14270724295491
multitask,10.0,1,PA36,PA36_Reverse_Optical_Flow_Foward_Texture_2_18_01_PM,221.9455,436,5-10,complete_dynamic,0,1,8.0,8.13582992553711,0.0,0.0,-5.0,0.5505308508872986,0.16753306984901428,0.07980547845363617,low_error,1.14270724295491
multitask,10.0,1,PA36,PA36_Reverse_Optical_Flow_Foward_Texture_2_18_01_PM,222.4582,437,5-10,complete_dynamic,0,1,8.0,8.145646095275879,0.0,0.0,-5.0,0.5511218905448914,0.16652408242225647,0.07557672262191772,low_error,1.14270724295491
multitask,10.0,1,PA36,PA36_Reverse_Optical_Flow_Foward_Texture_2_18_01_PM,222.9583,438,5-10,complete_dynamic,0,1,8.0,8.132417678833008,0.0,0.0,-5.0,0.5511739253997803,0.1645965725183487,0.0688660740852356,low_error,1.14270724295491
multitask,10.0,1,PA36,PA36_Reverse_Optical_Flow_Foward_Texture_2_18_01_PM,223.4588,439,5-10,complete_dynamic,0,1,8.0,8.331153869628906,0.0,0.0,-5.0,0.5270761251449585,0.11962740123271942,0.07217636704444885,low_error,1.14270724295491
multitask,10.0,1,PA36,PA36_Reverse_Optical_Flow_Foward_Texture_2_18_01_PM,223.9641,440,5-10,complete_dynamic,0,1,8.0,8.740789413452148,0.0,0.0,-5.0,0.5134235620498657,0.09805454313755035,0.05570076406002045,low_error,1.14270724295491
multitask,10.0,1,PA36,PA36_Reverse_Optical_Flow_Foward_Texture_2_18_01_PM,224.4711,441,5-10,complete_dynamic,0,1,8.0,9.059470176696777,0.0,0.0,-5.0,0.5007360577583313,0.08563406765460968,0.045359015464782715,low_error,1.14270724295491
multitask,10.0,1,PA36,PA36_Reverse_Optical_Flow_Foward_Texture_2_18_01_PM,224.972,442,5-10,complete_dynamic,0,1,8.0,9.380903244018555,0.0,0.0,-5.0,0.487626314163208,0.07581011950969696,0.04070603847503662,low_error,1.14270724295491
multitask,10.0,1,PA36,PA36_Reverse_Optical_Flow_Foward_Texture_2_18_01_PM,225.4722,443,5-10,complete_dynamic,0,1,8.0,9.791444778442383,0.0,0.0,-5.0,0.48173946142196655,0.0635419636964798,0.017193138599395752,low_error,1.14270724295491
multitask,10.0,1,PA36,PA36_Reverse_Optical_Flow_Foward_Texture_2_18_01_PM,225.9855,444,5-10,complete_dynamic,0,1,8.0,9.852289199829102,0.0,-1.0,-5.0,0.48125898838043213,0.07648396492004395,0.034035563468933105,low_error,1.14270724295491
multitask,10.0,1,PA36,PA36_Reverse_Optical_Flow_Foward_Texture_2_18_01_PM,226.4857,445,5-10,complete_dynamic,0,1,8.0,9.17524242401123,0.0,-3.0,-5.0,0.4597046673297882,0.06560249626636505,0.0634172260761261,low_error,1.14270724295491
multitask,10.0,1,PA36,PA36_Reverse_Optical_Flow_Foward_Texture_2_18_01_PM,226.9859,446,5-10,complete_dynamic,0,1,8.0,8.844742774963379,0.0,-5.0,-5.0,0.45666107535362244,0.03492039069533348,0.01839691400527954,low_error,1.14270724295491
multitask,10.0,1,PA36,PA36_Reverse_Optical_Flow_Foward_Texture_2_18_01_PM,227.5053,447,5-10,complete_dynamic,0,1,8.0,8.795480728149414,0.0,-5.0,-5.0,0.4602228105068207,0.018834542483091354,-0.008384346961975098,low_error,1.14270724295491
multitask,10.0,1,PA36,PA36_Reverse_Optical_Flow_Foward_Texture_2_18_01_PM,228.0127,448,5-10,complete_dynamic,0,1,8.0,8.663578033447266,0.0,-5.0,-5.0,0.4706699848175049,0.012804850935935974,-0.028346210718154907,low_error,1.14270724295491
multitask,10.0,1,PA36,PA36_Reverse_Optical_Flow_Foward_Texture_2_18_01_PM,228.527,449,5-10,complete_dynamic,0,1,8.0,8.531051635742188,0.0,-5.0,-5.0,0.4689517021179199,0.017177697271108627,-0.013746410608291626,low_error,1.14270724295491
multitask,10.0,1,PA36,PA36_Reverse_Optical_Flow_Foward_Texture_2_18_01_PM,229.0274,450,5-10,complete_dynamic,0,1,8.0,8.71851634979248,0.0,-5.0,-5.0,0.46236956119537354,0.01170237734913826,-0.00671049952507019,low_error,1.14270724295491
multitask,10.0,1,PA36,PA36_Reverse_Optical_Flow_Foward_Texture_2_18_01_PM,229.5409,451,5-10,complete_dynamic,0,1,8.0,8.880961418151855,0.0,-5.0,-5.0,0.45444050431251526,0.033457282930612564,0.040356069803237915,low_error,1.14270724295491
multitask,10.0,1,PA36,PA36_Reverse_Optical_Flow_Foward_Texture_2_18_01_PM,230.0552,452,5-10,complete_dynamic,0,1,8.0,8.688066482543945,0.0,-5.0,-5.0,0.4438297748565674,0.04946316406130791,0.1066923439502716,low_error,1.14270724295491
multitask,10.0,1,PA36,PA36_Reverse_Optical_Flow_Foward_Texture_2_18_01_PM,230.5552,453,5-10,complete_dynamic,0,1,8.0,8.434173583984375,0.0,-5.0,-5.0,0.44444897770881653,0.07567235827445984,0.15364211797714233,low_error,1.14270724295491
multitask,10.0,1,PA36,PA36_Reverse_Optical_Flow_Foward_Texture_2_18_01_PM,231.0561,454,5-10,complete_dynamic,1,0,7.0,8.168654441833496,1.0,-4.0,-4.0,0.45028236508369446,0.09835775196552277,0.19022807478904724,low_error,1.14270724295491
multitask,10.0,1,PA36,PA36_Reverse_Optical_Flow_Foward_Texture_2_18_01_PM,231.5688,455,5-10,complete_dynamic,1,0,5.0,7.9187235832214355,1.0,-2.0,-2.0,0.46168795228004456,0.11215482652187347,0.2077728807926178,low_error,1.14270724295491
multitask,10.0,1,PA36,PA36_Reverse_Optical_Flow_Foward_Texture_2_18_01_PM,232.0888,456,0-5,complete_dynamic,1,0,3.0,7.784521579742432,1.0,0.0,0.0,0.4707324206829071,0.11403848230838776,0.20911753177642822,low_error,1.14270724295491
multitask,10.0,1,PA36,PA36_Reverse_Optical_Flow_Foward_Texture_2_18_01_PM,232.5971,457,0-5,complete_dynamic,0,1,3.0,7.859854698181152,0.0,0.0,0.0,0.4735085964202881,0.11309666931629181,0.21290810406208038,low_error,1.14270724295491
multitask,10.0,1,PA36,PA36_Reverse_Optical_Flow_Foward_Texture_2_18_01_PM,233.1095,458,0-5,complete_dynamic,0,1,3.0,7.943687438964844,0.0,0.0,0.0,0.48270756006240845,0.09731100499629974,0.1824319064617157,low_error,1.14270724295491
multitask,10.0,1,PA36,PA36_Reverse_Optical_Flow_Foward_Texture_2_18_01_PM,233.6246,459,0-5,complete_dynamic,0,1,3.0,7.810912132263184,0.0,0.0,0.0,0.4940670430660248,0.10115386545658112,0.17319440841674805,low_error,1.14270724295491
multitask,10.0,1,PA36,PA36_Reverse_Optical_Flow_Foward_Texture_2_18_01_PM,234.1278,460,0-5,complete_dynamic,0,1,3.0,7.56941556930542,0.0,0.0,0.0,0.5032570362091064,0.08166982233524323,0.14261360466480255,low_error,1.14270724295491
multitask,10.0,1,PA12,PA12_RoF_Original_11_44_41_AM,10.20272,19,0-5,complete_dynamic,0,1,1.0,2.16416335105896,0.0,0.0,0.0,0.3537697494029999,0.3084505498409271,0.6239794492721558,median_error,3.01818189982857
multitask,10.0,1,PA12,PA12_RoF_Original_11_44_41_AM,10.70521,20,0-5,complete_dynamic,0,1,1.0,1.899254560470581,0.0,0.0,0.0,0.3423493504524231,0.31887659430503845,0.6524925231933594,median_error,3.01818189982857
multitask,10.0,1,PA12,PA12_RoF_Original_11_44_41_AM,11.20589,21,0-5,complete_dynamic,0,1,1.0,1.707106351852417,0.0,0.0,0.0,0.33775755763053894,0.31555798649787903,0.660827100276947,median_error,3.01818189982857
multitask,10.0,1,PA12,PA12_RoF_Original_11_44_41_AM,11.72493,22,0-5,complete_dynamic,0,1,1.0,1.4319849014282227,0.0,0.0,0.0,0.3338328003883362,0.29605552554130554,0.647183358669281,median_error,3.01818189982857
multitask,10.0,1,PA12,PA12_RoF_Original_11_44_41_AM,12.23124,23,0-5,complete_dynamic,0,1,1.0,1.1443846225738525,0.0,0.0,0.0,0.3306368589401245,0.2663480341434479,0.6214311718940735,median_error,3.01818189982857
multitask,10.0,1,PA12,PA12_RoF_Original_11_44_41_AM,12.7337,24,0-5,complete_dynamic,0,1,1.0,0.9308145046234131,0.0,0.0,0.0,0.32859140634536743,0.24104709923267365,0.5975705981254578,median_error,3.01818189982857
multitask,10.0,1,PA12,PA12_RoF_Original_11_44_41_AM,13.24105,25,0-5,complete_dynamic,0,1,1.0,0.8481242656707764,0.0,0.0,0.0,0.3283310830593109,0.22709788382053375,0.5829097628593445,median_error,3.01818189982857
multitask,10.0,1,PA12,PA12_RoF_Original_11_44_41_AM,13.75518,26,0-5,complete_dynamic,0,1,1.0,0.8191547393798828,0.0,0.0,0.0,0.3283652663230896,0.21814973652362823,0.5725714564323425,median_error,3.01818189982857
multitask,10.0,1,PA12,PA12_RoF_Original_11_44_41_AM,14.28061,27,0-5,complete_dynamic,0,1,1.0,0.8025181293487549,0.0,0.0,0.0,0.32766300439834595,0.2136397510766983,0.5679990649223328,median_error,3.01818189982857
multitask,10.0,1,PA12,PA12_RoF_Original_11_44_41_AM,14.78312,28,0-5,complete_dynamic,0,1,1.0,0.8257956504821777,0.0,0.0,0.0,0.32840901613235474,0.20705382525920868,0.5574561953544617,median_error,3.01818189982857
multitask,10.0,1,PA12,PA12_RoF_Original_11_44_41_AM,15.30338,29,0-5,complete_dynamic,0,1,1.0,0.8381407260894775,0.0,0.0,0.0,0.32846686244010925,0.20392648875713348,0.5534853935241699,median_error,3.01818189982857
multitask,10.0,1,PA12,PA12_RoF_Original_11_44_41_AM,15.82342,30,0-5,complete_dynamic,0,1,1.0,0.8528707027435303,0.0,0.0,0.0,0.32842108607292175,0.20103339850902557,0.5486495494842529,median_error,3.01818189982857
multitask,10.0,1,PA12,PA12_RoF_Original_11_44_41_AM,16.34551,31,0-5,complete_dynamic,0,1,1.0,0.8745479583740234,0.0,0.0,1.0,0.32432687282562256,0.20705018937587738,0.5730871558189392,median_error,3.01818189982857
multitask,10.0,1,PA12,PA12_RoF_Original_11_44_41_AM,16.85219,32,0-5,complete_dynamic,0,1,1.0,0.8957679271697998,0.0,0.0,1.0,0.3217769265174866,0.22451983392238617,0.6017912030220032,median_error,3.01818189982857
multitask,10.0,1,PA12,PA12_RoF_Original_11_44_41_AM,17.36258,33,0-5,complete_dynamic,0,1,1.0,0.9129605293273926,0.0,0.0,1.0,0.3192465901374817,0.24314357340335846,0.6306524872779846,median_error,3.01818189982857
multitask,10.0,1,PA12,PA12_RoF_Original_11_44_41_AM,17.88257,34,0-5,complete_dynamic,0,1,1.0,0.9237942695617676,0.0,0.0,1.0,0.31763404607772827,0.2584458291530609,0.6513707637786865,median_error,3.01818189982857
multitask,10.0,1,PA12,PA12_RoF_Original_11_44_41_AM,18.41201,35,0-5,complete_dynamic,0,1,1.0,0.8910138607025146,0.0,0.0,1.0,0.3153683841228485,0.27038711309432983,0.6690425276756287,median_error,3.01818189982857
multitask,10.0,1,PA12,PA12_RoF_Original_11_44_41_AM,18.92005,36,0-5,complete_dynamic,0,1,1.0,0.9437439441680908,0.0,0.0,1.0,0.31686535477638245,0.27571937441825867,0.6694965958595276,median_error,3.01818189982857
multitask,10.0,1,PA12,PA12_RoF_Original_11_44_41_AM,19.42039,37,0-5,complete_dynamic,0,1,1.0,1.06223464012146,0.0,0.0,1.0,0.3203608989715576,0.2776333689689636,0.6619156002998352,median_error,3.01818189982857
multitask,10.0,1,PA12,PA12_RoF_Original_11_44_41_AM,19.93324,38,0-5,complete_dynamic,0,1,1.0,1.269155502319336,0.0,0.0,1.0,0.32656270265579224,0.2756774127483368,0.6431219577789307,median_error,3.01818189982857
multitask,10.0,1,PA12,PA12_RoF_Original_11_44_41_AM,20.44644,39,0-5,complete_dynamic,0,1,1.0,1.5572700500488281,0.0,0.0,1.0,0.3351305425167084,0.2766250967979431,0.6215346455574036,median_error,3.01818189982857
multitask,10.0,1,PA12,PA12_RoF_Original_11_44_41_AM,20.95648,40,0-5,complete_dynamic,0,1,1.0,1.8420534133911133,0.0,1.0,1.0,0.34412506222724915,0.2849375307559967,0.6068929433822632,median_error,3.01818189982857
multitask,10.0,1,PA12,PA12_RoF_Original_11_44_41_AM,21.4684,41,0-5,complete_dynamic,0,1,1.0,2.0225720405578613,0.0,1.0,1.0,0.3513595461845398,0.3053741753101349,0.6108466982841492,median_error,3.01818189982857
multitask,10.0,1,PA12,PA12_RoF_Original_11_44_41_AM,21.97439,42,0-5,complete_dynamic,0,1,1.0,2.0939013957977295,0.0,1.0,1.0,0.3557285964488983,0.320429265499115,0.6167095303535461,median_error,3.01818189982857
multitask,10.0,1,PA12,PA12_RoF_Original_11_44_41_AM,22.49732,43,0-5,complete_dynamic,0,1,1.0,2.0979065895080566,0.0,1.0,1.0,0.357061505317688,0.3280509412288666,0.621881365776062,median_error,3.01818189982857
multitask,10.0,1,PA12,PA12_RoF_Original_11_44_41_AM,23.0071,44,0-5,complete_dynamic,0,1,1.0,2.1299662590026855,0.0,1.0,1.0,0.3548594117164612,0.3130543529987335,0.622947633266449,median_error,3.01818189982857
multitask,10.0,1,PA12,PA12_RoF_Original_11_44_41_AM,23.5484,45,0-5,complete_dynamic,0,1,1.0,2.1530919075012207,0.0,1.0,1.0,0.35428300499916077,0.30204594135284424,0.6145499348640442,median_error,3.01818189982857
multitask,10.0,1,PA12,PA12_RoF_Original_11_44_41_AM,24.07414,46,0-5,complete_dynamic,0,1,1.0,2.175973415374756,0.0,1.0,1.0,0.35333696007728577,0.29021766781806946,0.6057037115097046,median_error,3.01818189982857
multitask,10.0,1,PA12,PA12_RoF_Original_11_44_41_AM,24.57485,47,0-5,complete_dynamic,0,1,1.0,2.2332277297973633,0.0,1.0,1.0,0.35466524958610535,0.28543171286582947,0.5966434478759766,median_error,3.01818189982857
multitask,10.0,1,PA12,PA12_RoF_Original_11_44_41_AM,25.07699,48,0-5,complete_dynamic,0,1,1.0,2.27640700340271,0.0,1.0,1.0,0.3558099567890167,0.2836826741695404,0.5904222130775452,median_error,3.01818189982857
multitask,10.0,1,PA12,PA12_RoF_Original_11_44_41_AM,25.57929,49,0-5,complete_dynamic,0,1,1.0,2.341151237487793,0.0,1.0,1.0,0.35872307419776917,0.2877724766731262,0.5839337706565857,median_error,3.01818189982857
multitask,10.0,1,PA12,PA12_RoF_Original_11_44_41_AM,26.09012,50,0-5,complete_dynamic,1,0,2.0,2.402754783630371,1.0,0.0,0.0,0.36198267340660095,0.2967672646045685,0.5816811323165894,median_error,3.01818189982857
multitask,10.0,1,PA12,PA12_RoF_Original_11_44_41_AM,26.59463,51,0-5,complete_dynamic,0,1,2.0,2.4750189781188965,0.0,0.0,0.0,0.3665383458137512,0.314890593290329,0.588614284992218,median_error,3.01818189982857
multitask,10.0,1,PA12,PA12_RoF_Original_11_44_41_AM,27.11518,52,0-5,complete_dynamic,0,1,2.0,2.5140726566314697,0.0,0.0,0.0,0.37185314297676086,0.340323805809021,0.6008338928222656,median_error,3.01818189982857
multitask,10.0,1,PA12,PA12_RoF_Original_11_44_41_AM,27.63093,53,0-5,complete_dynamic,0,1,2.0,2.559842109680176,0.0,0.0,0.0,0.3782973289489746,0.3641006052494049,0.6091834902763367,median_error,3.01818189982857
multitask,10.0,1,PA12,PA12_RoF_Original_11_44_41_AM,28.15441,54,0-5,complete_dynamic,0,1,2.0,2.555851936340332,0.0,0.0,0.0,0.3832472562789917,0.38636553287506104,0.6201467514038086,median_error,3.01818189982857
multitask,10.0,1,PA12,PA12_RoF_Original_11_44_41_AM,28.67183,55,0-5,complete_dynamic,0,1,2.0,2.5880231857299805,0.0,0.0,0.0,0.38818493485450745,0.39325568079948425,0.614650309085846,median_error,3.01818189982857
multitask,10.0,1,PA12,PA12_RoF_Original_11_44_41_AM,29.18049,56,0-5,complete_dynamic,0,1,2.0,2.6503021717071533,0.0,0.0,0.0,0.3928700387477875,0.38552477955818176,0.5938541293144226,median_error,3.01818189982857
multitask,10.0,1,PA12,PA12_RoF_Original_11_44_41_AM,29.68697,57,0-5,complete_dynamic,0,1,2.0,2.768413543701172,0.0,0.0,0.0,0.40037208795547485,0.3710658550262451,0.5570342540740967,median_error,3.01818189982857
multitask,10.0,1,PA12,PA12_RoF_Original_11_44_41_AM,30.19843,58,0-5,complete_dynamic,0,1,2.0,2.819899082183838,0.0,0.0,0.0,0.4033133387565613,0.3551448583602905,0.5317439436912537,median_error,3.01818189982857
multitask,10.0,1,PA12,PA12_RoF_Original_11_44_41_AM,30.71222,59,0-5,complete_dynamic,0,1,2.0,2.902212619781494,0.0,0.0,0.0,0.4103286564350128,0.3440733551979065,0.4964558780193329,median_error,3.01818189982857
multitask,10.0,1,PA12,PA12_RoF_Original_11_44_41_AM,31.22574,60,0-5,complete_dynamic,0,1,2.0,2.9802565574645996,0.0,0.0,0.0,0.4159508943557739,0.32794204354286194,0.46015071868896484,median_error,3.01818189982857
multitask,10.0,1,PA12,PA12_RoF_Original_11_44_41_AM,31.74801,61,0-5,complete_dynamic,0,1,2.0,3.0923452377319336,0.0,0.0,0.0,0.4226519465446472,0.3027428388595581,0.41034257411956787,median_error,3.01818189982857
multitask,10.0,1,PA12,PA12_RoF_Original_11_44_41_AM,32.26193,62,0-5,complete_dynamic,0,1,2.0,3.240349531173706,0.0,0.0,0.0,0.42997267842292786,0.2688331604003906,0.3481689691543579,median_error,3.01818189982857
multitask,10.0,1,PA12,PA12_RoF_Original_11_44_41_AM,32.77658,63,0-5,complete_dynamic,0,1,2.0,3.3365278244018555,0.0,0.0,0.0,0.43373703956604004,0.23486067354679108,0.2943968176841736,median_error,3.01818189982857
multitask,10.0,1,PA12,PA12_RoF_Original_11_44_41_AM,33.30667,64,0-5,complete_dynamic,0,1,2.0,3.3307273387908936,0.0,0.0,0.0,0.43271327018737793,0.21375252306461334,0.2697312831878662,median_error,3.01818189982857
multitask,10.0,1,PA12,PA12_RoF_Original_11_44_41_AM,33.81223,65,0-5,complete_dynamic,0,1,2.0,3.2883450984954834,0.0,0.0,0.0,0.4298289120197296,0.19784249365329742,0.2564391791820526,median_error,3.01818189982857
multitask,10.0,1,PA12,PA12_RoF_Original_11_44_41_AM,34.32294,66,0-5,complete_dynamic,0,1,2.0,3.2126364707946777,0.0,0.0,0.0,0.4253130853176117,0.18649868667125702,0.25367414951324463,median_error,3.01818189982857
multitask,10.0,1,PA12,PA12_RoF_Original_11_44_41_AM,34.8313,67,0-5,complete_dynamic,0,1,2.0,3.128478527069092,0.0,0.0,0.0,0.4188876152038574,0.17371219396591187,0.2560509443283081,median_error,3.01818189982857
multitask,10.0,1,PA12,PA12_RoF_Original_11_44_41_AM,35.3514,68,0-5,complete_dynamic,0,1,2.0,3.0814836025238037,0.0,0.0,0.0,0.4136990010738373,0.1598527580499649,0.25507763028144836,median_error,3.01818189982857
multitask,10.0,1,PA12,PA12_RoF_Original_11_44_41_AM,35.87738,69,0-5,complete_dynamic,0,1,2.0,3.087902069091797,0.0,0.0,0.0,0.4093962609767914,0.1420482099056244,0.24879252910614014,median_error,3.01818189982857
multitask,10.0,1,PA12,PA12_RoF_Original_11_44_41_AM,36.37824,70,0-5,complete_dynamic,0,1,2.0,3.176351547241211,0.0,0.0,0.0,0.40860268473625183,0.12191665172576904,0.2308787703514099,median_error,3.01818189982857
multitask,10.0,1,PA12,PA12_RoF_Original_11_44_41_AM,36.92005,71,0-5,complete_dynamic,0,1,2.0,3.2680492401123047,0.0,0.0,1.0,0.4086756110191345,0.10995501279830933,0.22058141231536865,median_error,3.01818189982857
multitask,10.0,1,PA12,PA12_RoF_Original_11_44_41_AM,37.4219,72,0-5,complete_dynamic,0,1,2.0,3.3223023414611816,0.0,0.0,1.0,0.4083878695964813,0.10749438405036926,0.22170987725257874,median_error,3.01818189982857
multitask,10.0,1,PA12,PA12_RoF_Original_11_44_41_AM,37.93623,73,0-5,complete_dynamic,0,1,2.0,3.3799967765808105,0.0,0.0,1.0,0.4096875488758087,0.11083075404167175,0.22608953714370728,median_error,3.01818189982857
multitask,10.0,1,PA12,PA12_RoF_Original_11_44_41_AM,38.44868,74,0-5,complete_dynamic,0,1,2.0,3.381957769393921,0.0,0.0,1.0,0.40937340259552,0.1204957664012909,0.24077242612838745,median_error,3.01818189982857
multitask,10.0,1,PA12,PA12_RoF_Original_11_44_41_AM,38.97389,75,0-5,complete_dynamic,0,1,2.0,3.3728322982788086,0.0,0.0,1.0,0.4087131917476654,0.13101813197135925,0.2567048966884613,median_error,3.01818189982857
multitask,10.0,1,PA12,PA12_RoF_Original_11_44_41_AM,39.47679,76,0-5,complete_dynamic,0,1,2.0,3.3471713066101074,0.0,0.0,1.0,0.4069579541683197,0.14322449266910553,0.2768123149871826,median_error,3.01818189982857
multitask,10.0,1,PA12,PA12_RoF_Original_11_44_41_AM,39.99174,77,0-5,complete_dynamic,0,1,2.0,3.3776886463165283,0.0,0.0,1.0,0.40832582116127014,0.17369309067726135,0.29349756240844727,median_error,3.01818189982857
multitask,10.0,1,PA12,PA12_RoF_Original_11_44_41_AM,40.50377,78,0-5,complete_dynamic,0,1,2.0,3.3054583072662354,0.0,0.0,0.0,0.4043102562427521,0.19531755149364471,0.32495981454849243,median_error,3.01818189982857
multitask,10.0,1,PA12,PA12_RoF_Original_11_44_41_AM,41.01495,79,0-5,complete_dynamic,0,1,2.0,3.127912759780884,0.0,0.0,0.0,0.39890316128730774,0.2081138640642166,0.349621057510376,median_error,3.01818189982857
multitask,10.0,1,PA12,PA12_RoF_Original_11_44_41_AM,41.51703,80,0-5,complete_dynamic,0,1,2.0,2.865778923034668,0.0,0.0,0.0,0.3947334289550781,0.20108084380626678,0.34782910346984863,median_error,3.01818189982857
multitask,10.0,1,PA12,PA12_RoF_Original_11_44_41_AM,42.03057,81,0-5,complete_dynamic,0,1,2.0,2.5674304962158203,0.0,1.0,0.0,0.3904399871826172,0.1891220659017563,0.3467681109905243,median_error,3.01818189982857
multitask,10.0,1,PA12,PA12_RoF_Original_11_44_41_AM,42.53228,82,0-5,complete_dynamic,0,1,2.0,2.291884422302246,0.0,1.0,0.0,0.3853285312652588,0.18248264491558075,0.357479989528656,median_error,3.01818189982857
multitask,10.0,1,PA12,PA12_RoF_Original_11_44_41_AM,43.05132,83,0-5,complete_dynamic,0,1,2.0,2.155468702316284,0.0,1.0,0.0,0.38342010974884033,0.1747625321149826,0.35828688740730286,median_error,3.01818189982857
multitask,10.0,1,PA12,PA12_RoF_Original_11_44_41_AM,43.56158,84,0-5,complete_dynamic,0,1,2.0,2.186061382293701,0.0,1.0,0.0,0.38718894124031067,0.15931764245033264,0.33414357900619507,median_error,3.01818189982857
multitask,10.0,1,PA12,PA12_RoF_Original_11_44_41_AM,44.06459,85,0-5,complete_dynamic,0,1,2.0,2.3483829498291016,0.0,1.0,0.0,0.39481979608535767,0.13485503196716309,0.2863604426383972,median_error,3.01818189982857
multitask,10.0,1,PA12,PA12_RoF_Original_11_44_41_AM,44.56668,86,0-5,complete_dynamic,0,1,2.0,2.5140113830566406,0.0,1.0,0.0,0.40118667483329773,0.1101459264755249,0.2391742616891861,median_error,3.01818189982857
multitask,10.0,1,PA12,PA12_RoF_Original_11_44_41_AM,45.08537,87,0-5,complete_dynamic,0,1,2.0,2.6425089836120605,0.0,1.0,0.0,0.4050472676753998,0.0910397320985794,0.20398437976837158,median_error,3.01818189982857
multitask,10.0,1,PA12,PA12_RoF_Original_11_44_41_AM,45.60561,88,0-5,complete_dynamic,0,1,2.0,2.715463638305664,0.0,0.0,0.0,0.4067545533180237,0.07944327592849731,0.1839125007390976,median_error,3.01818189982857
multitask,10.0,1,PA12,PA12_RoF_Original_11_44_41_AM,46.11493,89,0-5,complete_dynamic,0,1,2.0,2.8090641498565674,0.0,0.0,0.0,0.4072662591934204,0.06223341450095177,0.17285335063934326,median_error,3.01818189982857
multitask,10.0,1,PA12,PA12_RoF_Original_11_44_41_AM,46.63965,90,0-5,complete_dynamic,0,1,2.0,2.9478759765625,0.0,0.0,0.0,0.4093625247478485,0.0599648617208004,0.16692575812339783,median_error,3.01818189982857
multitask,10.0,1,PA12,PA12_RoF_Original_11_44_41_AM,47.15771,91,0-5,complete_dynamic,1,0,3.0,3.1007282733917236,1.0,-1.0,-1.0,0.4101613163948059,0.06296764314174652,0.1690981388092041,median_error,3.01818189982857
multitask,10.0,1,PA12,PA12_RoF_Original_11_44_41_AM,47.65897,92,0-5,complete_dynamic,0,1,3.0,3.2148823738098145,0.0,-1.0,-1.0,0.4097168743610382,0.067782923579216,0.17521482706069946,median_error,3.01818189982857
multitask,10.0,1,PA12,PA12_RoF_Original_11_44_41_AM,48.16447,93,0-5,complete_dynamic,0,1,3.0,3.220330238342285,0.0,-1.0,-1.0,0.40658101439476013,0.07563506066799164,0.19105340540409088,median_error,3.01818189982857
multitask,10.0,1,PA12,PA12_RoF_Original_11_44_41_AM,48.67002,94,0-5,complete_dynamic,0,1,3.0,3.156947135925293,0.0,-1.0,-1.0,0.4019474685192108,0.0869453102350235,0.21524746716022491,median_error,3.01818189982857
multitask,10.0,1,PA12,PA12_RoF_Original_11_44_41_AM,49.17203,95,0-5,complete_dynamic,0,1,3.0,3.0761334896087646,0.0,-1.0,-1.0,0.39721301198005676,0.09792429208755493,0.23990347981452942,median_error,3.01818189982857
multitask,10.0,1,PA12,PA12_RoF_Original_11_44_41_AM,49.71132,96,0-5,complete_dynamic,0,1,3.0,2.9717350006103516,0.0,-1.0,-1.0,0.3919263184070587,0.11350195109844208,0.27155303955078125,median_error,3.01818189982857
multitask,10.0,1,PA12,PA12_RoF_Original_11_44_41_AM,50.21802,97,0-5,complete_dynamic,0,1,3.0,2.948547601699829,0.0,-1.0,-1.0,0.3902621269226074,0.13231870532035828,0.29826292395591736,median_error,3.01818189982857
multitask,10.0,1,PA12,PA12_RoF_Original_11_44_41_AM,50.72454,98,0-5,complete_dynamic,1,0,2.0,2.9408369064331055,1.0,0.0,0.0,0.38891807198524475,0.15361256897449493,0.3286905288696289,median_error,3.01818189982857
multitask,10.0,1,PA12,PA12_RoF_Original_11_44_41_AM,51.23417,99,0-5,complete_dynamic,0,1,2.0,2.910694122314453,0.0,0.0,0.0,0.3867718279361725,0.17706596851348877,0.3642750084400177,median_error,3.01818189982857
multitask,10.0,1,PA12,PA12_RoF_Original_11_44_41_AM,51.77655,100,0-5,complete_dynamic,0,1,2.0,2.878365993499756,0.0,0.0,1.0,0.3849479556083679,0.1965222954750061,0.39389052987098694,median_error,3.01818189982857
multitask,10.0,1,PA12,PA12_RoF_Original_11_44_41_AM,52.2939,101,0-5,complete_dynamic,0,1,2.0,2.8822641372680664,0.0,0.0,1.0,0.3846206068992615,0.20670412480831146,0.40777915716171265,median_error,3.01818189982857
multitask,10.0,1,PA12,PA12_RoF_Original_11_44_41_AM,52.8161,102,0-5,complete_dynamic,0,1,2.0,2.979912042617798,0.0,0.0,1.0,0.388380765914917,0.20228447020053864,0.39631593227386475,median_error,3.01818189982857
multitask,10.0,1,PA12,PA12_RoF_Original_11_44_41_AM,53.32338,103,0-5,complete_dynamic,0,1,2.0,3.038527727127075,0.0,0.0,1.0,0.39045992493629456,0.2024257928133011,0.3919016122817993,median_error,3.01818189982857
multitask,10.0,1,PA12,PA12_RoF_Original_11_44_41_AM,53.8587,104,0-5,complete_dynamic,0,1,2.0,3.045442581176758,0.0,0.0,1.0,0.38984233140945435,0.20787839591503143,0.3998405337333679,median_error,3.01818189982857
multitask,10.0,1,PA12,PA12_RoF_Original_11_44_41_AM,54.36492,105,0-5,complete_dynamic,0,1,2.0,3.029914379119873,0.0,0.0,1.0,0.38830554485321045,0.21577544510364532,0.41165703535079956,median_error,3.01818189982857
multitask,10.0,1,PA12,PA12_RoF_Original_11_44_41_AM,54.88408,106,0-5,complete_dynamic,0,1,2.0,3.0087177753448486,0.0,0.0,1.0,0.3870760202407837,0.22709213197231293,0.4251428246498108,median_error,3.01818189982857
multitask,10.0,1,PA12,PA12_RoF_Original_11_44_41_AM,55.38737,107,0-5,complete_dynamic,0,1,2.0,3.033508539199829,0.0,0.0,1.0,0.38827815651893616,0.23685531318187714,0.4302107095718384,median_error,3.01818189982857
multitask,10.0,1,PA12,PA12_RoF_Original_11_44_41_AM,55.91018,108,0-5,complete_dynamic,0,1,2.0,3.025827646255493,0.0,0.0,1.0,0.38839787244796753,0.24931977689266205,0.44129636883735657,median_error,3.01818189982857
multitask,10.0,1,PA12,PA12_RoF_Original_11_44_41_AM,56.42309,109,0-5,complete_dynamic,0,1,2.0,3.0792739391326904,0.0,1.0,1.0,0.39056330919265747,0.2597440183162689,0.4453103542327881,median_error,3.01818189982857
multitask,10.0,1,PA12,PA12_RoF_Original_11_44_41_AM,56.93373,110,0-5,complete_dynamic,0,1,2.0,3.104463577270508,0.0,1.0,1.0,0.3921917676925659,0.2720031440258026,0.45332974195480347,median_error,3.01818189982857
multitask,10.0,1,PA12,PA12_RoF_Original_11_44_41_AM,57.44675,111,0-5,complete_dynamic,0,1,2.0,3.1446261405944824,0.0,1.0,1.0,0.3958051800727844,0.28026846051216125,0.45270025730133057,median_error,3.01818189982857
multitask,10.0,1,PA12,PA12_RoF_Original_11_44_41_AM,57.94853,112,0-5,complete_dynamic,0,1,2.0,3.191770315170288,0.0,1.0,1.0,0.40067529678344727,0.28313830494880676,0.44354140758514404,median_error,3.01818189982857
multitask,10.0,1,PA12,PA12_RoF_Original_11_44_41_AM,58.46738,113,0-5,complete_dynamic,0,1,2.0,3.2878875732421875,0.0,1.0,1.0,0.4092581272125244,0.2895497977733612,0.42821818590164185,median_error,3.01818189982857
multitask,10.0,1,PA12,PA12_RoF_Original_11_44_41_AM,58.96934,114,0-5,complete_dynamic,0,1,2.0,3.3773465156555176,0.0,1.0,1.0,0.4182248115539551,0.30200234055519104,0.41956761479377747,median_error,3.01818189982857
multitask,10.0,1,PA12,PA12_RoF_Original_11_44_41_AM,59.47049,115,0-5,complete_dynamic,0,1,2.0,3.44307279586792,0.0,1.0,1.0,0.4245334267616272,0.30808430910110474,0.4109335243701935,median_error,3.01818189982857
multitask,10.0,1,PA12,PA12_RoF_Original_11_44_41_AM,59.97373,116,0-5,complete_dynamic,0,1,2.0,3.4544711112976074,0.0,1.0,1.0,0.42799997329711914,0.3104221820831299,0.4052262604236603,median_error,3.01818189982857
multitask,10.0,1,PA12,PA12_RoF_Original_11_44_41_AM,60.48583,117,0-5,complete_dynamic,0,1,2.0,3.432459831237793,0.0,1.0,1.0,0.42406660318374634,0.29428061842918396,0.40411704778671265,median_error,3.01818189982857
multitask,10.0,1,PA12,PA12_RoF_Original_11_44_41_AM,60.98806,118,0-5,complete_dynamic,0,1,2.0,3.4190657138824463,0.0,1.0,1.0,0.42281708121299744,0.2856457531452179,0.3991234302520752,median_error,3.01818189982857
multitask,10.0,1,PA12,PA12_RoF_Original_11_44_41_AM,61.5042,119,0-5,complete_dynamic,1,0,3.0,3.437816619873047,1.0,0.0,1.0,0.4223445653915405,0.27577584981918335,0.3901940882205963,median_error,3.01818189982857
multitask,10.0,1,PA12,PA12_RoF_Original_11_44_41_AM,62.01758,120,0-5,complete_dynamic,0,1,3.0,3.507227897644043,0.0,0.0,1.0,0.4231731593608856,0.2621605694293976,0.3730360269546509,median_error,3.01818189982857
multitask,10.0,1,PA12,PA12_RoF_Original_11_44_41_AM,62.52939,121,0-5,complete_dynamic,0,1,3.0,3.5818262100219727,0.0,0.0,1.0,0.424444317817688,0.2502935230731964,0.35520613193511963,median_error,3.01818189982857
multitask,10.0,1,PA12,PA12_RoF_Original_11_44_41_AM,63.03241,122,0-5,complete_dynamic,0,1,3.0,3.621594190597534,0.0,0.0,1.0,0.42490148544311523,0.24434040486812592,0.34569472074508667,median_error,3.01818189982857
multitask,10.0,1,PA12,PA12_RoF_Original_11_44_41_AM,63.54502,123,0-5,complete_dynamic,0,1,3.0,3.623440742492676,0.0,0.0,1.0,0.42526689171791077,0.24562756717205048,0.3442094326019287,median_error,3.01818189982857
multitask,10.0,1,PA12,PA12_RoF_Original_11_44_41_AM,64.05114,124,0-5,complete_dynamic,0,1,3.0,3.6193175315856934,0.0,0.0,1.0,0.42622295022010803,0.25054529309272766,0.3454226851463318,median_error,3.01818189982857
multitask,10.0,1,PA12,PA12_RoF_Original_11_44_41_AM,64.56487,125,0-5,complete_dynamic,0,1,3.0,3.5873920917510986,0.0,0.0,1.0,0.4270428717136383,0.26123782992362976,0.3537810146808624,median_error,3.01818189982857
multitask,10.0,1,PA12,PA12_RoF_Original_11_44_41_AM,65.08015,126,0-5,complete_dynamic,0,1,3.0,3.5530292987823486,0.0,0.0,1.0,0.42672717571258545,0.26623794436454773,0.35987547039985657,median_error,3.01818189982857
multitask,10.0,1,PA12,PA12_RoF_Original_11_44_41_AM,65.5873,127,0-5,complete_dynamic,0,1,3.0,3.534935474395752,0.0,0.0,1.0,0.4266822934150696,0.25909051299095154,0.3522268533706665,median_error,3.01818189982857
multitask,10.0,1,PA12,PA12_RoF_Original_11_44_41_AM,66.09412,128,0-5,complete_dynamic,0,1,3.0,3.5250308513641357,0.0,0.0,1.0,0.42644360661506653,0.2434891015291214,0.33630138635635376,median_error,3.01818189982857
multitask,10.0,1,PA12,PA12_RoF_Original_11_44_41_AM,66.59946,129,0-5,complete_dynamic,0,1,3.0,3.5082905292510986,0.0,1.0,1.0,0.4253530204296112,0.2217056006193161,0.31552714109420776,median_error,3.01818189982857
multitask,10.0,1,PA12,PA12_RoF_Original_11_44_41_AM,67.12456,130,0-5,complete_dynamic,0,1,3.0,4.03058385848999,0.0,1.0,1.0,0.46688786149024963,0.238749697804451,0.23083418607711792,median_error,3.01818189982857
multitask,10.0,1,PA12,PA12_RoF_Original_11_44_41_AM,67.62562,131,0-5,complete_dynamic,0,1,3.0,4.4423017501831055,0.0,1.0,1.0,0.48586416244506836,0.20915962755680084,0.15843355655670166,median_error,3.01818189982857
multitask,10.0,1,PA12,PA12_RoF_Original_11_44_41_AM,68.13683,132,0-5,complete_dynamic,0,1,3.0,4.3485002517700195,0.0,1.0,1.0,0.4731874167919159,0.1844198852777481,0.15784600377082825,median_error,3.01818189982857
multitask,10.0,1,PA12,PA12_RoF_Original_11_44_41_AM,68.63998,133,0-5,complete_dynamic,0,1,3.0,4.137153625488281,0.0,1.0,1.0,0.45815709233283997,0.17562097311019897,0.18627412617206573,median_error,3.01818189982857
multitask,10.0,1,PA12,PA12_RoF_Original_11_44_41_AM,69.14292,134,0-5,complete_dynamic,0,1,3.0,4.013602256774902,0.0,1.0,1.0,0.44644638895988464,0.16786107420921326,0.21030081808567047,median_error,3.01818189982857
multitask,10.0,1,PA12,PA12_RoF_Original_11_44_41_AM,69.66626,135,0-5,complete_dynamic,0,1,3.0,4.265439987182617,0.0,1.0,1.0,0.4479922354221344,0.15052324533462524,0.19747401773929596,median_error,3.01818189982857
multitask,10.0,1,PA12,PA12_RoF_Original_11_44_41_AM,70.17455,136,0-5,complete_dynamic,0,1,3.0,5.054449081420898,0.0,1.0,1.0,0.47218966484069824,0.1266038864850998,0.13749077916145325,median_error,3.01818189982857
multitask,10.0,1,PA12,PA12_RoF_Original_11_44_41_AM,70.68242,137,0-5,complete_dynamic,0,1,3.0,5.263120174407959,0.0,1.0,1.0,0.4793126583099365,0.12507997453212738,0.14035719633102417,median_error,3.01818189982857
multitask,10.0,1,PA12,PA12_RoF_Original_11_44_41_AM,71.18245,138,0-5,complete_dynamic,0,1,3.0,5.272314071655273,0.0,1.0,0.0,0.48561906814575195,0.13881699740886688,0.12087011337280273,median_error,3.01818189982857
multitask,10.0,1,PA12,PA12_RoF_Original_11_44_41_AM,71.68468,139,0-5,complete_dynamic,1,0,4.0,5.1361799240112305,1.0,0.0,-1.0,0.47836676239967346,0.13917802274227142,0.12466216087341309,median_error,3.01818189982857
multitask,10.0,1,PA12,PA12_RoF_Original_11_44_41_AM,72.20509,140,0-5,complete_dynamic,0,1,4.0,4.9086456298828125,0.0,0.0,-2.0,0.46750640869140625,0.15323100984096527,0.16675271093845367,median_error,3.01818189982857
multitask,10.0,1,PA12,PA12_RoF_Original_11_44_41_AM,72.70547,141,0-5,complete_dynamic,0,1,4.0,4.719567775726318,0.0,0.0,-3.0,0.458609402179718,0.16695035994052887,0.20650747418403625,median_error,3.01818189982857
multitask,10.0,1,PA12,PA12_RoF_Original_11_44_41_AM,73.20956,142,0-5,complete_dynamic,0,1,4.0,4.5266194343566895,0.0,0.0,-3.0,0.44923633337020874,0.18111424148082733,0.24873477220535278,median_error,3.01818189982857
multitask,10.0,1,PA12,PA12_RoF_Original_11_44_41_AM,73.71767,143,0-5,complete_dynamic,0,1,4.0,4.344441890716553,0.0,0.0,-3.0,0.4410495460033417,0.19132201373577118,0.2831118702888489,median_error,3.01818189982857
multitask,10.0,1,PA12,PA12_RoF_Original_11_44_41_AM,74.23197,144,0-5,complete_dynamic,0,1,4.0,4.161257266998291,0.0,0.0,-3.0,0.4337509572505951,0.19491542875766754,0.3072967529296875,median_error,3.01818189982857
multitask,10.0,1,PA12,PA12_RoF_Original_11_44_41_AM,74.7511,145,0-5,complete_dynamic,0,1,4.0,4.002477169036865,0.0,0.0,-3.0,0.4281468689441681,0.19048117101192474,0.3210333585739136,median_error,3.01818189982857
multitask,10.0,1,PA12,PA12_RoF_Original_11_44_41_AM,75.26934,146,0-5,complete_dynamic,0,1,4.0,3.8231067657470703,0.0,0.0,-3.0,0.4226539731025696,0.18722540140151978,0.3347328305244446,median_error,3.01818189982857
multitask,10.0,1,PA12,PA12_RoF_Original_11_44_41_AM,75.78579,147,0-5,complete_dynamic,0,1,4.0,3.7119314670562744,0.0,-1.0,-3.0,0.42135676741600037,0.1826130896806717,0.34570935368537903,median_error,3.01818189982857
multitask,10.0,1,PA12,PA12_RoF_Original_11_44_41_AM,76.2998,148,0-5,complete_dynamic,0,1,4.0,3.6392154693603516,0.0,-1.0,-3.0,0.42056530714035034,0.17438912391662598,0.34850576519966125,median_error,3.01818189982857
multitask,10.0,1,PA12,PA12_RoF_Original_11_44_41_AM,76.8204,149,0-5,complete_dynamic,0,1,4.0,3.576310873031616,0.0,-2.0,-3.0,0.4206772446632385,0.1615271270275116,0.3432682156562805,median_error,3.01818189982857
multitask,10.0,1,PA12,PA12_RoF_Original_11_44_41_AM,77.33895,150,0-5,complete_dynamic,0,1,4.0,2.837183713912964,0.0,-3.0,-3.0,0.399697870016098,0.1566305160522461,0.3779916763305664,median_error,3.01818189982857
multitask,10.0,1,PA12,PA12_RoF_Original_11_44_41_AM,77.83923,151,0-5,complete_dynamic,0,1,4.0,2.4136195182800293,0.0,-3.0,-3.0,0.38468071818351746,0.16605761647224426,0.4148242473602295,median_error,3.01818189982857
multitask,10.0,1,PA12,PA12_RoF_Original_11_44_41_AM,78.35397,152,0-5,complete_dynamic,0,1,4.0,2.665191411972046,0.0,-3.0,-3.0,0.3894561529159546,0.1721215397119522,0.4105890691280365,median_error,3.01818189982857
multitask,10.0,1,PA12,PA12_RoF_Original_11_44_41_AM,78.86044,153,0-5,complete_dynamic,0,1,4.0,2.8571555614471436,0.0,-3.0,-3.0,0.3932460844516754,0.1800404042005539,0.4114203155040741,median_error,3.01818189982857
multitask,10.0,1,PA12,PA12_RoF_Original_11_44_41_AM,79.38362,154,0-5,complete_dynamic,0,1,4.0,3.071714401245117,0.0,-3.0,-3.0,0.3998466730117798,0.1842740774154663,0.4037591814994812,median_error,3.01818189982857
multitask,10.0,1,PA12,PA12_RoF_Original_11_44_41_AM,79.90645,155,0-5,complete_dynamic,0,1,4.0,2.963848114013672,0.0,-3.0,-3.0,0.38997557759284973,0.19402964413166046,0.4428473711013794,median_error,3.01818189982857
multitask,10.0,1,PA12,PA12_RoF_Original_11_44_41_AM,80.43103,156,0-5,complete_dynamic,0,1,4.0,2.516052007675171,0.0,-3.0,-3.0,0.368678480386734,0.2305431216955185,0.519163191318512,median_error,3.01818189982857
multitask,10.0,1,PA12,PA12_RoF_Original_11_44_41_AM,80.9391,157,0-5,complete_dynamic,1,0,3.0,2.5773961544036865,1.0,-2.0,-2.0,0.3679156005382538,0.2718060314655304,0.5642052292823792,median_error,3.01818189982857
multitask,10.0,1,PA12,PA12_RoF_Original_11_44_41_AM,81.52206,158,0-5,complete_dynamic,0,1,3.0,2.4713168144226074,0.0,-2.0,-2.0,0.3629399538040161,0.2830589711666107,0.5851190686225891,median_error,3.01818189982857
multitask,10.0,1,PA12,PA12_RoF_Original_11_44_41_AM,82.04196,159,0-5,complete_dynamic,1,0,2.0,2.3533215522766113,1.0,-1.0,-1.0,0.358092337846756,0.29335471987724304,0.5972514748573303,median_error,3.01818189982857
multitask,10.0,1,PA12,PA12_RoF_Original_11_44_41_AM,82.5504,160,0-5,complete_dynamic,1,0,1.0,2.295086622238159,1.0,0.0,0.0,0.3571396768093109,0.29359671473503113,0.5924376249313354,median_error,3.01818189982857
multitask,10.0,1,PA12,PA12_RoF_Original_11_44_41_AM,83.05292,161,0-5,complete_dynamic,0,1,1.0,2.1824634075164795,0.0,0.0,0.0,0.35468924045562744,0.2991969883441925,0.5976317524909973,median_error,3.01818189982857
multitask,10.0,1,PA12,PA12_RoF_Original_11_44_41_AM,83.56957,162,0-5,complete_dynamic,0,1,1.0,2.1155591011047363,0.0,0.0,0.0,0.35515785217285156,0.3080442249774933,0.6052506566047668,median_error,3.01818189982857
multitask,10.0,1,PA12,PA12_RoF_Original_11_44_41_AM,84.09288,163,0-5,complete_dynamic,0,1,1.0,2.062614917755127,0.0,0.0,0.0,0.3550831079483032,0.3131542205810547,0.6111010909080505,median_error,3.01818189982857
multitask,10.0,1,PA12,PA12_RoF_Original_11_44_41_AM,84.60183,164,0-5,complete_dynamic,0,1,1.0,2.0218629837036133,0.0,0.0,0.0,0.35579177737236023,0.3212592899799347,0.6180516481399536,median_error,3.01818189982857
multitask,10.0,1,PA12,PA12_RoF_Original_11_44_41_AM,85.10209,165,0-5,complete_dynamic,0,1,1.0,2.04494309425354,0.0,0.0,0.0,0.357574462890625,0.32875585556030273,0.6130437254905701,median_error,3.01818189982857
multitask,10.0,1,PA12,PA12_RoF_Original_11_44_41_AM,85.62326,166,0-5,complete_dynamic,0,1,1.0,2.0568044185638428,0.0,0.0,0.0,0.3583959639072418,0.3349987864494324,0.6165791153907776,median_error,3.01818189982857
multitask,10.0,1,PA12,PA12_RoF_Original_11_44_41_AM,86.14465,167,0-5,complete_dynamic,0,1,1.0,2.0776326656341553,0.0,0.0,0.0,0.35854586958885193,0.3379196524620056,0.6190537214279175,median_error,3.01818189982857
multitask,10.0,1,PA12,PA12_RoF_Original_11_44_41_AM,86.66804,168,0-5,complete_dynamic,0,1,1.0,2.0957915782928467,0.0,0.0,1.0,0.35651469230651855,0.33680590987205505,0.6239144802093506,median_error,3.01818189982857
multitask,10.0,1,PA12,PA12_RoF_Original_11_44_41_AM,87.16906,169,0-5,complete_dynamic,0,1,1.0,2.1060032844543457,0.0,0.0,1.0,0.353085458278656,0.3375924229621887,0.6357793211936951,median_error,3.01818189982857
multitask,10.0,1,PA12,PA12_RoF_Original_11_44_41_AM,87.6813,170,0-5,complete_dynamic,0,1,1.0,2.117828845977783,0.0,0.0,2.0,0.350278377532959,0.33609357476234436,0.6436143517494202,median_error,3.01818189982857
multitask,10.0,1,PA12,PA12_RoF_Original_11_44_41_AM,88.18903,171,0-5,complete_dynamic,0,1,1.0,2.1615519523620605,0.0,0.0,3.0,0.35093528032302856,0.3364727199077606,0.6416569352149963,median_error,3.01818189982857
multitask,10.0,1,PA12,PA12_RoF_Original_11_44_41_AM,88.70979,172,0-5,complete_dynamic,0,1,1.0,2.2127931118011475,0.0,0.0,3.0,0.3528558313846588,0.33775636553764343,0.6371021866798401,median_error,3.01818189982857
multitask,10.0,1,PA12,PA12_RoF_Original_11_44_41_AM,89.21159,173,0-5,complete_dynamic,0,1,1.0,2.249257802963257,0.0,0.0,3.0,0.35433873534202576,0.33806532621383667,0.6359322667121887,median_error,3.01818189982857
multitask,10.0,1,PA12,PA12_RoF_Original_11_44_41_AM,89.71975,174,0-5,complete_dynamic,0,1,1.0,2.2138309478759766,0.0,0.0,3.0,0.35218462347984314,0.34013137221336365,0.6450437903404236,median_error,3.01818189982857
multitask,10.0,1,PA12,PA12_RoF_Original_11_44_41_AM,90.22423,175,0-5,complete_dynamic,0,1,1.0,2.2105190753936768,0.0,0.0,3.0,0.3515334725379944,0.33986663818359375,0.6481446623802185,median_error,3.01818189982857
multitask,10.0,1,PA12,PA12_RoF_Original_11_44_41_AM,90.75127,176,0-5,complete_dynamic,0,1,1.0,2.1864402294158936,0.0,0.0,5.0,0.3504852056503296,0.3411979377269745,0.6537846326828003,median_error,3.01818189982857
multitask,10.0,1,PA12,PA12_RoF_Original_11_44_41_AM,91.27576,177,0-5,complete_dynamic,0,1,1.0,2.1529898643493652,0.0,0.0,5.0,0.34980309009552,0.34381359815597534,0.6593964695930481,median_error,3.01818189982857
multitask,10.0,1,PA12,PA12_RoF_Original_11_44_41_AM,91.79333,178,0-5,complete_dynamic,0,1,1.0,2.1586861610412598,0.0,1.0,4.0,0.3512454330921173,0.3426554501056671,0.6547240018844604,median_error,3.01818189982857
multitask,10.0,1,PA12,PA12_RoF_Original_11_44_41_AM,92.29906,179,0-5,complete_dynamic,0,1,1.0,2.1737523078918457,0.0,1.0,2.0,0.35343849658966064,0.3401455581188202,0.6446641087532043,median_error,3.01818189982857
multitask,10.0,1,PA12,PA12_RoF_Original_11_44_41_AM,92.79948,180,0-5,complete_dynamic,0,1,1.0,2.1599841117858887,0.0,2.0,2.0,0.3544503152370453,0.3374808728694916,0.638261616230011,median_error,3.01818189982857
multitask,10.0,1,PA12,PA12_RoF_Original_11_44_41_AM,93.30484,181,0-5,complete_dynamic,0,1,1.0,2.1601052284240723,0.0,3.0,2.0,0.35583680868148804,0.32943153381347656,0.6256255507469177,median_error,3.01818189982857
multitask,10.0,1,PA12,PA12_RoF_Original_11_44_41_AM,93.81272,182,0-5,complete_dynamic,0,1,1.0,2.1507794857025146,0.0,3.0,2.0,0.3552558124065399,0.3077787160873413,0.6037801504135132,median_error,3.01818189982857
multitask,10.0,1,PA12,PA12_RoF_Original_11_44_41_AM,94.33417,183,0-5,complete_dynamic,0,1,1.0,2.099536418914795,0.0,3.0,2.0,0.3528379499912262,0.27527251839637756,0.5748733282089233,median_error,3.01818189982857
multitask,10.0,1,PA12,PA12_RoF_Original_11_44_41_AM,94.85898,184,0-5,complete_dynamic,0,1,1.0,2.052184581756592,0.0,3.0,2.0,0.34395265579223633,0.3118317425251007,0.6888464093208313,median_error,3.01818189982857
multitask,10.0,1,PA12,PA12_RoF_Original_11_44_41_AM,95.38299,185,0-5,complete_dynamic,0,1,1.0,2.040038585662842,0.0,3.0,2.0,0.3399832546710968,0.4078958332538605,0.8033662438392639,median_error,3.01818189982857
multitask,10.0,1,PA12,PA12_RoF_Original_11_44_41_AM,95.88766,186,0-5,complete_dynamic,0,1,1.0,2.160644054412842,0.0,5.0,2.0,0.35897332429885864,0.4277919828891754,0.8131163120269775,median_error,3.01818189982857
multitask,10.0,1,PA12,PA12_RoF_Original_11_44_41_AM,96.39415,187,0-5,complete_dynamic,0,1,1.0,3.0279617309570312,0.0,5.0,2.0,0.4845343232154846,0.7508024573326111,1.0882370471954346,median_error,3.01818189982857
multitask,10.0,1,PA12,PA12_RoF_Original_11_44_41_AM,96.89713,188,0-5,complete_dynamic,1,0,2.0,3.104421377182007,1.0,3.0,1.0,0.5129427909851074,0.8226524591445923,1.227499008178711,median_error,3.01818189982857
multitask,10.0,1,PA12,PA12_RoF_Original_11_44_41_AM,97.40531,189,0-5,complete_dynamic,0,1,2.0,3.7276947498321533,0.0,1.0,1.0,0.5618303418159485,0.8014070987701416,1.1590826511383057,median_error,3.01818189982857
multitask,10.0,1,PA12,PA12_RoF_Original_11_44_41_AM,97.92303,190,0-5,complete_dynamic,1,0,3.0,3.8144447803497314,1.0,0.0,0.0,0.5721774697303772,0.7135395407676697,1.1229212284088135,median_error,3.01818189982857
multitask,10.0,1,PA12,PA12_RoF_Original_11_44_41_AM,98.44206,191,0-5,complete_dynamic,1,0,4.0,3.8537678718566895,1.0,-1.0,-1.0,0.551484227180481,0.6579189896583557,1.1300513744354248,median_error,3.01818189982857
multitask,10.0,1,PA12,PA12_RoF_Original_11_44_41_AM,98.94393,192,0-5,complete_dynamic,0,1,4.0,4.103785514831543,0.0,-1.0,-1.0,0.5171301960945129,0.5833417177200317,1.1274685859680176,median_error,3.01818189982857
multitask,10.0,1,PA12,PA12_RoF_Original_11_44_41_AM,99.45486,193,0-5,complete_dynamic,0,1,4.0,4.2645111083984375,0.0,-1.0,-1.0,0.49767714738845825,0.5210364460945129,1.1125972270965576,median_error,3.01818189982857
multitask,10.0,1,PA12,PA12_RoF_Original_11_44_41_AM,99.95826,194,0-5,complete_dynamic,0,1,4.0,4.125054836273193,0.0,-1.0,-1.0,0.5091295838356018,0.4284215569496155,0.9755899906158447,median_error,3.01818189982857
multitask,10.0,1,PA12,PA12_RoF_Original_11_44_41_AM,100.4593,195,0-5,complete_dynamic,0,1,4.0,4.36701774597168,0.0,-1.0,-1.0,0.6040043234825134,0.46147599816322327,1.0252227783203125,median_error,3.01818189982857
multitask,10.0,1,PA12,PA12_RoF_Original_11_44_41_AM,100.98,196,5-10,complete_dynamic,1,0,6.0,4.885211944580078,1.0,-3.0,-3.0,0.6239135265350342,0.5065867304801941,0.9445981383323669,median_error,3.01818189982857
multitask,10.0,1,PA12,PA12_RoF_Original_11_44_41_AM,101.4927,197,5-10,complete_dynamic,0,1,6.0,4.986905097961426,0.0,-3.0,-3.0,0.5885447859764099,0.4892326295375824,0.9262068271636963,median_error,3.01818189982857
multitask,10.0,1,PA12,PA12_RoF_Original_11_44_41_AM,101.9993,198,5-10,complete_dynamic,1,0,5.0,5.1540656089782715,1.0,-2.0,-2.0,0.5785156488418579,0.44091078639030457,0.9098740220069885,median_error,3.01818189982857
multitask,10.0,1,PA12,PA12_RoF_Original_11_44_41_AM,102.5,199,0-5,complete_dynamic,1,0,3.0,5.254716873168945,1.0,0.0,0.0,0.5473153591156006,0.4156171381473541,0.9514598846435547,median_error,3.01818189982857
multitask,10.0,1,PA12,PA12_RoF_Original_11_44_41_AM,103.0043,200,0-5,complete_dynamic,0,1,3.0,5.257676601409912,0.0,0.0,0.0,0.5291373133659363,0.43460455536842346,1.0060100555419922,median_error,3.01818189982857
multitask,10.0,1,PA12,PA12_RoF_Original_11_44_41_AM,103.5275,201,0-5,complete_dynamic,0,1,3.0,5.147088050842285,0.0,0.0,0.0,0.5046140551567078,0.41939905285835266,0.9841735363006592,median_error,3.01818189982857
multitask,10.0,1,PA12,PA12_RoF_Original_11_44_41_AM,104.0536,202,0-5,complete_dynamic,0,1,3.0,5.010909080505371,0.0,0.0,0.0,0.4927273392677307,0.3602354824542999,0.8031858801841736,median_error,3.01818189982857
multitask,10.0,1,PA12,PA12_RoF_Original_11_44_41_AM,104.5578,203,0-5,complete_dynamic,0,1,3.0,5.22226095199585,0.0,0.0,1.0,0.5077648162841797,0.3207579553127289,0.8311744332313538,median_error,3.01818189982857
multitask,10.0,1,PA12,PA12_RoF_Original_11_44_41_AM,105.0671,204,0-5,complete_dynamic,0,1,3.0,5.408197402954102,0.0,0.0,2.0,0.5410665273666382,0.4807716906070709,0.9106660485267639,median_error,3.01818189982857
multitask,10.0,1,PA12,PA12_RoF_Original_11_44_41_AM,105.5827,205,0-5,complete_dynamic,0,1,3.0,5.2388505935668945,0.0,0.0,2.0,0.5772529244422913,0.6745079159736633,0.9828327894210815,median_error,3.01818189982857
multitask,10.0,1,PA12,PA12_RoF_Original_11_44_41_AM,106.0961,206,0-5,complete_dynamic,0,1,3.0,5.293201446533203,0.0,0.0,2.0,0.5703842639923096,0.586277425289154,0.9811452031135559,median_error,3.01818189982857
multitask,10.0,1,PA12,PA12_RoF_Original_11_44_41_AM,106.6036,207,0-5,complete_dynamic,0,1,3.0,5.430873394012451,0.0,0.0,2.0,0.5594599843025208,0.5290288925170898,0.9055436253547668,median_error,3.01818189982857
multitask,10.0,1,PA12,PA12_RoF_Original_11_44_41_AM,107.1145,208,0-5,complete_dynamic,0,1,3.0,5.650406837463379,0.0,0.0,2.0,0.5305285453796387,0.44697698950767517,0.7929428219795227,median_error,3.01818189982857
multitask,10.0,1,PA12,PA12_RoF_Original_11_44_41_AM,107.6177,209,0-5,complete_dynamic,0,1,3.0,5.611759185791016,0.0,0.0,2.0,0.5295023918151855,0.42862990498542786,0.8372076749801636,median_error,3.01818189982857
multitask,10.0,1,PA12,PA12_RoF_Original_11_44_41_AM,108.1353,210,0-5,complete_dynamic,0,1,3.0,5.78538179397583,0.0,0.0,2.0,0.5077449679374695,0.47172483801841736,0.9025803208351135,median_error,3.01818189982857
multitask,10.0,1,PA12,PA12_RoF_Original_11_44_41_AM,108.6554,211,0-5,complete_dynamic,0,1,3.0,5.742705345153809,0.0,0.0,2.0,0.4867531955242157,0.48511937260627747,0.9307329058647156,median_error,3.01818189982857
multitask,10.0,1,PA12,PA12_RoF_Original_11_44_41_AM,109.1584,212,0-5,complete_dynamic,0,1,3.0,5.531664848327637,0.0,0.0,3.0,0.48738038539886475,0.480295866727829,0.9586399793624878,median_error,3.01818189982857
multitask,10.0,1,PA12,PA12_RoF_Original_11_44_41_AM,109.679,213,0-5,complete_dynamic,0,1,3.0,5.503619194030762,0.0,1.0,3.0,0.46366143226623535,0.4115321934223175,0.9071934819221497,median_error,3.01818189982857
multitask,10.0,1,PA12,PA12_RoF_Original_11_44_41_AM,110.1924,214,0-5,complete_dynamic,0,1,3.0,5.528087139129639,0.0,2.0,3.0,0.45027852058410645,0.37293264269828796,0.8849151730537415,median_error,3.01818189982857
multitask,10.0,1,PA12,PA12_RoF_Original_11_44_41_AM,110.7033,215,0-5,complete_dynamic,0,1,3.0,5.70998477935791,0.0,2.0,3.0,0.47148582339286804,0.4404592216014862,0.9054357409477234,median_error,3.01818189982857
multitask,10.0,1,PA12,PA12_RoF_Original_11_44_41_AM,111.2034,216,0-5,complete_dynamic,0,1,3.0,5.937090873718262,0.0,2.0,2.0,0.4750644862651825,0.4846685826778412,0.9454061388969421,median_error,3.01818189982857
multitask,10.0,1,PA12,PA12_RoF_Original_11_44_41_AM,111.7072,217,0-5,complete_dynamic,0,1,3.0,5.664148330688477,0.0,2.0,2.0,0.4538641571998596,0.38577812910079956,0.9284502267837524,median_error,3.01818189982857
multitask,10.0,1,PA12,PA12_RoF_Original_11_44_41_AM,112.212,218,0-5,complete_dynamic,0,1,3.0,5.527534008026123,0.0,2.0,2.0,0.4600600004196167,0.34800663590431213,0.893197774887085,median_error,3.01818189982857
multitask,10.0,1,PA12,PA12_RoF_Original_11_44_41_AM,112.7205,219,0-5,complete_dynamic,0,1,3.0,5.549616813659668,0.0,2.0,1.0,0.5066573023796082,0.38829806447029114,0.8814095854759216,median_error,3.01818189982857
multitask,10.0,1,PA12,PA12_RoF_Original_11_44_41_AM,113.2242,220,0-5,complete_dynamic,0,1,3.0,5.671294212341309,0.0,2.0,0.0,0.5209407806396484,0.4637397825717926,0.8369211554527283,median_error,3.01818189982857
multitask,10.0,1,PA12,PA12_RoF_Original_11_44_41_AM,113.7344,221,0-5,complete_dynamic,0,1,3.0,5.914294719696045,0.0,2.0,0.0,0.506967306137085,0.4492856562137604,0.7126204967498779,median_error,3.01818189982857
multitask,10.0,1,PA12,PA12_RoF_Original_11_44_41_AM,114.2413,222,0-5,complete_dynamic,0,1,3.0,6.19308614730835,0.0,3.0,0.0,0.49533915519714355,0.38413000106811523,0.5348542332649231,median_error,3.01818189982857
multitask,10.0,1,PA12,PA12_RoF_Original_11_44_41_AM,114.7616,223,0-5,complete_dynamic,1,0,4.0,6.230135917663574,1.0,2.0,-1.0,0.4737614095211029,0.3709089756011963,0.5510283708572388,median_error,3.01818189982857
multitask,10.0,1,PA12,PA12_RoF_Original_11_44_41_AM,115.2647,224,5-10,complete_dynamic,1,0,5.0,6.672240257263184,1.0,1.0,-2.0,0.43523916602134705,0.3308829963207245,0.41929346323013306,median_error,3.01818189982857
multitask,10.0,1,PA12,PA12_RoF_Original_11_44_41_AM,115.7851,225,5-10,complete_dynamic,0,1,5.0,6.772879600524902,0.0,1.0,-2.0,0.43508195877075195,0.22442568838596344,0.29629260301589966,median_error,3.01818189982857
multitask,10.0,1,PA12,PA12_RoF_Original_11_44_41_AM,116.3106,226,5-10,complete_dynamic,0,1,5.0,6.442096710205078,0.0,0.0,-2.0,0.41967928409576416,0.22502969205379486,0.28106963634490967,median_error,3.01818189982857
multitask,10.0,1,PA12,PA12_RoF_Original_11_44_41_AM,116.8245,227,5-10,complete_dynamic,0,1,5.0,6.494864463806152,0.0,0.0,-2.0,0.4427779018878937,0.15240971744060516,0.2445412129163742,median_error,3.01818189982857
multitask,10.0,1,PA12,PA12_RoF_Original_11_44_41_AM,117.3311,228,5-10,complete_dynamic,0,1,5.0,6.657232284545898,0.0,-1.0,-2.0,0.4931184649467468,0.23949645459651947,0.3055360019207001,median_error,3.01818189982857
multitask,10.0,1,PA12,PA12_RoF_Original_11_44_41_AM,117.8542,229,5-10,complete_dynamic,0,1,5.0,6.8186750411987305,0.0,-2.0,-2.0,0.5038439035415649,0.29694268107414246,0.3741914629936218,median_error,3.01818189982857
multitask,10.0,1,PA12,PA12_RoF_Original_11_44_41_AM,118.3783,230,5-10,complete_dynamic,0,1,5.0,6.716142654418945,0.0,-2.0,-2.0,0.539608359336853,0.3470146954059601,0.41772156953811646,median_error,3.01818189982857
multitask,10.0,1,PA12,PA12_RoF_Original_11_44_41_AM,118.8846,231,5-10,complete_dynamic,0,1,5.0,6.703852653503418,0.0,-2.0,-2.0,0.5031610727310181,0.2585901916027069,0.36398422718048096,median_error,3.01818189982857
multitask,10.0,1,PA12,PA12_RoF_Original_11_44_41_AM,119.4127,232,5-10,complete_dynamic,1,0,6.0,6.799859046936035,1.0,-3.0,-3.0,0.48430928587913513,0.2621995508670807,0.3848493695259094,median_error,3.01818189982857
multitask,10.0,1,PA12,PA12_RoF_Original_11_44_41_AM,119.9316,233,5-10,complete_dynamic,0,1,6.0,7.074502468109131,0.0,-3.0,-3.0,0.4517001807689667,0.2556001842021942,0.3472999334335327,median_error,3.01818189982857
multitask,10.0,1,PA12,PA12_RoF_Original_11_44_41_AM,120.4453,234,5-10,complete_dynamic,0,1,6.0,7.346153259277344,0.0,-3.0,-3.0,0.5066025257110596,0.31507787108421326,0.3411428928375244,median_error,3.01818189982857
multitask,10.0,1,PA12,PA12_RoF_Original_11_44_41_AM,120.9509,235,5-10,complete_dynamic,0,1,6.0,7.377314567565918,0.0,-3.0,-3.0,0.528881311416626,0.3140210807323456,0.33414480090141296,median_error,3.01818189982857
multitask,10.0,1,PA12,PA12_RoF_Original_11_44_41_AM,121.4538,236,5-10,complete_dynamic,1,0,5.0,7.376857757568359,1.0,-2.0,-2.0,0.5073550939559937,0.2617349922657013,0.3068201541900635,median_error,3.01818189982857
multitask,10.0,1,PA12,PA12_RoF_Original_11_44_41_AM,121.9578,237,5-10,complete_dynamic,0,1,5.0,7.50991153717041,0.0,-2.0,-2.0,0.4723198413848877,0.3036673367023468,0.36500638723373413,median_error,3.01818189982857
multitask,10.0,1,PA12,PA12_RoF_Original_11_44_41_AM,122.4696,238,0-5,complete_dynamic,1,0,4.0,7.470273017883301,1.0,-1.0,-1.0,0.4525441527366638,0.32935258746147156,0.37993210554122925,median_error,3.01818189982857
multitask,10.0,1,PA12,PA12_RoF_Original_11_44_41_AM,122.9887,239,0-5,complete_dynamic,1,0,3.0,7.282375335693359,1.0,0.0,0.0,0.4432033896446228,0.2988700568675995,0.34330564737319946,median_error,3.01818189982857
multitask,10.0,1,PA12,PA12_RoF_Original_11_44_41_AM,123.4995,240,0-5,complete_dynamic,0,1,3.0,6.937012672424316,0.0,0.0,0.0,0.4287336766719818,0.25807133316993713,0.2914385199546814,median_error,3.01818189982857
multitask,10.0,1,PA12,PA12_RoF_Original_11_44_41_AM,124.0207,241,0-5,complete_dynamic,0,1,3.0,6.853096008300781,0.0,0.0,0.0,0.43281957507133484,0.19214950501918793,0.24999651312828064,median_error,3.01818189982857
multitask,10.0,1,PA12,PA12_RoF_Original_11_44_41_AM,124.5435,242,0-5,complete_dynamic,0,1,3.0,6.932072639465332,0.0,0.0,0.0,0.45235663652420044,0.15375058352947235,0.2273450493812561,median_error,3.01818189982857
multitask,10.0,1,PA12,PA12_RoF_Original_11_44_41_AM,125.0445,243,0-5,complete_dynamic,0,1,3.0,7.166131973266602,0.0,0.0,0.0,0.4693601727485657,0.11526142060756683,0.17142632603645325,median_error,3.01818189982857
multitask,10.0,1,PA12,PA12_RoF_Original_11_44_41_AM,125.5479,244,0-5,complete_dynamic,0,1,3.0,7.118711471557617,0.0,0.0,0.0,0.48637089133262634,0.18272779881954193,0.23536145687103271,median_error,3.01818189982857
multitask,10.0,1,PA12,PA12_RoF_Original_11_44_41_AM,126.0711,245,0-5,complete_dynamic,0,1,3.0,7.211239814758301,0.0,0.0,0.0,0.4826791286468506,0.19067612290382385,0.2549986243247986,median_error,3.01818189982857
multitask,10.0,1,PA12,PA12_RoF_Original_11_44_41_AM,126.582,246,0-5,complete_dynamic,0,1,3.0,6.841789245605469,0.0,0.0,0.0,0.4300938844680786,0.15614669024944305,0.29888924956321716,median_error,3.01818189982857
multitask,10.0,1,PA12,PA12_RoF_Original_11_44_41_AM,127.1029,247,0-5,complete_dynamic,0,1,3.0,6.87987756729126,0.0,0.0,0.0,0.40781107544898987,0.151008740067482,0.281008243560791,median_error,3.01818189982857
multitask,10.0,1,PA12,PA12_RoF_Original_11_44_41_AM,127.6113,248,0-5,complete_dynamic,0,1,3.0,6.927323818206787,0.0,0.0,0.0,0.4237022399902344,0.11211660504341125,0.24720588326454163,median_error,3.01818189982857
multitask,10.0,1,PA12,PA12_RoF_Original_11_44_41_AM,128.122,249,0-5,complete_dynamic,0,1,3.0,6.972875118255615,0.0,0.0,0.0,0.4501805305480957,0.19646905362606049,0.3217279314994812,median_error,3.01818189982857
multitask,10.0,1,PA12,PA12_RoF_Original_11_44_41_AM,128.6248,250,0-5,complete_dynamic,0,1,3.0,6.836475849151611,0.0,0.0,0.0,0.44261884689331055,0.24056445062160492,0.41620925068855286,median_error,3.01818189982857
multitask,10.0,1,PA12,PA12_RoF_Original_11_44_41_AM,129.1292,251,0-5,complete_dynamic,0,1,3.0,6.954798221588135,0.0,0.0,0.0,0.4428185820579529,0.23886139690876007,0.3873550295829773,median_error,3.01818189982857
multitask,10.0,1,PA12,PA12_RoF_Original_11_44_41_AM,129.6397,252,0-5,complete_dynamic,0,1,3.0,7.259822845458984,0.0,0.0,0.0,0.4424684941768646,0.21020935475826263,0.31541502475738525,median_error,3.01818189982857
multitask,10.0,1,PA12,PA12_RoF_Original_11_44_41_AM,130.1504,253,0-5,complete_dynamic,0,1,3.0,7.375118732452393,0.0,0.0,0.0,0.4311269521713257,0.18149523437023163,0.2818326950073242,median_error,3.01818189982857
multitask,10.0,1,PA12,PA12_RoF_Original_11_44_41_AM,130.6514,254,0-5,complete_dynamic,0,1,3.0,7.34908390045166,0.0,0.0,0.0,0.41764554381370544,0.17894820868968964,0.29237332940101624,median_error,3.01818189982857
multitask,10.0,1,PA12,PA12_RoF_Original_11_44_41_AM,131.1632,255,0-5,complete_dynamic,0,1,3.0,7.310762882232666,0.0,0.0,0.0,0.4051486551761627,0.23410864174365997,0.3553611636161804,median_error,3.01818189982857
multitask,10.0,1,PA12,PA12_RoF_Original_11_44_41_AM,131.6714,256,0-5,complete_dynamic,0,1,3.0,7.520841598510742,0.0,0.0,0.0,0.4000950753688812,0.2951735258102417,0.4134379029273987,median_error,3.01818189982857
multitask,10.0,1,PA12,PA12_RoF_Original_11_44_41_AM,132.1717,257,0-5,complete_dynamic,0,1,3.0,7.394914627075195,0.0,0.0,0.0,0.41278553009033203,0.29233741760253906,0.38850417733192444,median_error,3.01818189982857
multitask,10.0,1,PA12,PA12_RoF_Original_11_44_41_AM,132.6898,258,0-5,complete_dynamic,0,1,3.0,7.194098472595215,0.0,0.0,0.0,0.41406723856925964,0.25603604316711426,0.35091328620910645,median_error,3.01818189982857
multitask,10.0,1,PA12,PA12_RoF_Original_11_44_41_AM,133.1921,259,0-5,complete_dynamic,0,1,3.0,7.135496616363525,0.0,0.0,0.0,0.43416860699653625,0.20064452290534973,0.2837495803833008,median_error,3.01818189982857
multitask,10.0,1,PA12,PA12_RoF_Original_11_44_41_AM,133.7008,260,0-5,complete_dynamic,0,1,3.0,7.154782295227051,0.0,0.0,0.0,0.4606950283050537,0.16524232923984528,0.2218611240386963,median_error,3.01818189982857
multitask,10.0,1,PA12,PA12_RoF_Original_11_44_41_AM,134.2195,261,0-5,complete_dynamic,0,1,3.0,7.2184600830078125,0.0,0.0,0.0,0.46368786692619324,0.12398587167263031,0.17131969332695007,median_error,3.01818189982857
multitask,10.0,1,PA12,PA12_RoF_Original_11_44_41_AM,134.7307,262,0-5,complete_dynamic,0,1,3.0,7.452174186706543,0.0,0.0,0.0,0.46307361125946045,0.07328703999519348,0.1432097852230072,median_error,3.01818189982857
multitask,10.0,1,PA12,PA12_RoF_Original_11_44_41_AM,135.2436,263,0-5,complete_dynamic,0,1,3.0,7.417964935302734,0.0,0.0,0.0,0.44921040534973145,0.038959454745054245,0.14820851385593414,median_error,3.01818189982857
multitask,10.0,1,PA12,PA12_RoF_Original_11_44_41_AM,135.7473,264,0-5,complete_dynamic,0,1,3.0,7.0977325439453125,0.0,0.0,0.0,0.4284793734550476,0.12268413603305817,0.302764356136322,median_error,3.01818189982857
multitask,10.0,1,PA12,PA12_RoF_Original_11_44_41_AM,136.2483,265,0-5,complete_dynamic,0,1,3.0,7.075107574462891,0.0,0.0,0.0,0.43244117498397827,0.16041886806488037,0.3345980942249298,median_error,3.01818189982857
multitask,10.0,1,PA12,PA12_RoF_Original_11_44_41_AM,136.7762,266,0-5,complete_dynamic,0,1,3.0,6.942834854125977,0.0,0.0,0.0,0.42788979411125183,0.18539223074913025,0.36099934577941895,median_error,3.01818189982857
multitask,10.0,1,PA12,PA12_RoF_Original_11_44_41_AM,137.285,267,0-5,complete_dynamic,0,1,3.0,6.822240829467773,0.0,0.0,0.0,0.43168604373931885,0.20944459736347198,0.36721378564834595,median_error,3.01818189982857
multitask,10.0,1,PA12,PA12_RoF_Original_11_44_41_AM,137.7894,268,0-5,complete_dynamic,0,1,3.0,6.985227584838867,0.0,0.0,0.0,0.44264668226242065,0.1854991763830185,0.3302621841430664,median_error,3.01818189982857
multitask,10.0,1,PA12,PA12_RoF_Original_11_44_41_AM,138.3099,269,0-5,complete_dynamic,0,1,3.0,6.934124946594238,0.0,0.0,0.0,0.46757563948631287,0.16776226460933685,0.28711479902267456,median_error,3.01818189982857
multitask,10.0,1,PA12,PA12_RoF_Original_11_44_41_AM,138.8107,270,0-5,complete_dynamic,0,1,3.0,6.933488845825195,0.0,0.0,0.0,0.47998347878456116,0.16473062336444855,0.2767247259616852,median_error,3.01818189982857
multitask,10.0,1,PA12,PA12_RoF_Original_11_44_41_AM,139.3378,271,0-5,complete_dynamic,0,1,3.0,6.749041557312012,0.0,0.0,0.0,0.49040454626083374,0.15776489675045013,0.2631937265396118,median_error,3.01818189982857
multitask,10.0,1,PA12,PA12_RoF_Original_11_44_41_AM,139.8476,272,0-5,complete_dynamic,0,1,3.0,7.188612937927246,0.0,0.0,0.0,0.5250455737113953,0.36958929896354675,0.4349404573440552,median_error,3.01818189982857
multitask,10.0,1,PA12,PA12_RoF_Original_11_44_41_AM,140.358,273,0-5,complete_dynamic,0,1,3.0,7.4100446701049805,0.0,0.0,0.0,0.48004093766212463,0.3639596402645111,0.4536125659942627,median_error,3.01818189982857
multitask,10.0,1,PA12,PA12_RoF_Original_11_44_41_AM,140.8675,274,0-5,complete_dynamic,0,1,3.0,7.578341484069824,0.0,0.0,0.0,0.4642278254032135,0.4135173261165619,0.4439070224761963,median_error,3.01818189982857
multitask,10.0,1,PA12,PA12_RoF_Original_11_44_41_AM,141.3808,275,0-5,complete_dynamic,0,1,3.0,7.477962970733643,0.0,0.0,0.0,0.473323792219162,0.3633950650691986,0.36953744292259216,median_error,3.01818189982857
multitask,10.0,1,PA12,PA12_RoF_Original_11_44_41_AM,141.889,276,0-5,complete_dynamic,0,1,3.0,7.324141502380371,0.0,0.0,0.0,0.4782960116863251,0.2754095196723938,0.2631572484970093,median_error,3.01818189982857
multitask,10.0,1,PA12,PA12_RoF_Original_11_44_41_AM,142.3939,277,0-5,complete_dynamic,0,1,3.0,7.593048095703125,0.0,0.0,0.0,0.5131649971008301,0.14459754526615143,0.1423192322254181,median_error,3.01818189982857
multitask,10.0,1,PA12,PA12_RoF_Original_11_44_41_AM,142.8994,278,0-5,complete_dynamic,0,1,3.0,7.769601821899414,0.0,0.0,0.0,0.5492610931396484,0.17501883208751678,0.13275215029716492,median_error,3.01818189982857
multitask,10.0,1,PA12,PA12_RoF_Original_11_44_41_AM,143.401,279,0-5,complete_dynamic,0,1,3.0,7.826461315155029,0.0,0.0,0.0,0.5659788250923157,0.26569467782974243,0.2231578826904297,median_error,3.01818189982857
multitask,10.0,1,PA12,PA12_RoF_Original_11_44_41_AM,143.9189,280,0-5,complete_dynamic,0,1,3.0,7.778230667114258,0.0,0.0,0.0,0.5864139199256897,0.35565051436424255,0.34048962593078613,median_error,3.01818189982857
multitask,10.0,1,PA12,PA12_RoF_Original_11_44_41_AM,144.4288,281,0-5,complete_dynamic,0,1,3.0,7.745301246643066,0.0,0.0,1.0,0.5706119537353516,0.3356577754020691,0.34523892402648926,median_error,3.01818189982857
multitask,10.0,1,PA12,PA12_RoF_Original_11_44_41_AM,144.9364,282,0-5,complete_dynamic,0,1,3.0,7.559016227722168,0.0,0.0,1.0,0.5574502944946289,0.31368276476860046,0.3473542332649231,median_error,3.01818189982857
multitask,10.0,1,PA12,PA12_RoF_Original_11_44_41_AM,145.4639,283,0-5,complete_dynamic,0,1,3.0,7.712005615234375,0.0,0.0,2.0,0.5394801497459412,0.26653853058815,0.323836088180542,median_error,3.01818189982857
multitask,10.0,1,PA12,PA12_RoF_Original_11_44_41_AM,145.9808,284,0-5,complete_dynamic,0,1,3.0,7.874938011169434,0.0,0.0,2.0,0.494874507188797,0.16542141139507294,0.21734938025474548,median_error,3.01818189982857
multitask,10.0,1,PA12,PA12_RoF_Original_11_44_41_AM,146.4957,285,0-5,complete_dynamic,0,1,3.0,8.069079399108887,0.0,0.0,-1.0,0.49965572357177734,0.15061162412166595,0.19184452295303345,median_error,3.01818189982857
multitask,10.0,1,PA12,PA12_RoF_Original_11_44_41_AM,146.9985,286,0-5,complete_dynamic,0,1,3.0,7.932417869567871,0.0,0.0,-1.0,0.4902924597263336,0.13027746975421906,0.16553881764411926,median_error,3.01818189982857
multitask,10.0,1,PA12,PA12_RoF_Original_11_44_41_AM,147.5097,287,0-5,complete_dynamic,0,1,3.0,7.826046943664551,0.0,0.0,-1.0,0.49372848868370056,0.09549872577190399,0.12323608994483948,median_error,3.01818189982857
multitask,10.0,1,PA12,PA12_RoF_Original_11_44_41_AM,148.0208,288,0-5,complete_dynamic,0,1,3.0,7.914648532867432,0.0,0.0,-1.0,0.5120771527290344,0.04991040751338005,0.05348101258277893,median_error,3.01818189982857
multitask,10.0,1,PA12,PA12_RoF_Original_11_44_41_AM,148.5517,289,0-5,complete_dynamic,0,1,3.0,7.953900337219238,0.0,0.0,-1.0,0.5215258002281189,0.02243420109152794,0.01487433910369873,median_error,3.01818189982857
multitask,10.0,1,PA12,PA12_RoF_Original_11_44_41_AM,149.0664,290,0-5,complete_dynamic,0,1,3.0,7.943970680236816,0.0,0.0,-1.0,0.516899585723877,-0.02211460843682289,-0.02771061658859253,median_error,3.01818189982857
multitask,10.0,1,PA12,PA12_RoF_Original_11_44_41_AM,149.58,291,0-5,complete_dynamic,0,1,3.0,7.97945499420166,0.0,1.0,-1.0,0.5011271834373474,-0.06567716598510742,-0.01708519458770752,median_error,3.01818189982857
multitask,10.0,1,PA12,PA12_RoF_Original_11_44_41_AM,150.0921,292,0-5,complete_dynamic,0,1,3.0,7.689190864562988,0.0,2.0,0.0,0.5052823424339294,0.029521536082029343,0.1402602642774582,median_error,3.01818189982857
multitask,10.0,1,PA12,PA12_RoF_Original_11_44_41_AM,150.6023,293,0-5,complete_dynamic,0,1,3.0,7.900725841522217,0.0,2.0,0.0,0.5044000744819641,-0.007956180721521378,0.08160300552845001,median_error,3.01818189982857
multitask,10.0,1,PA12,PA12_RoF_Original_11_44_41_AM,151.1074,294,0-5,complete_dynamic,0,1,3.0,7.759687423706055,0.0,2.0,0.0,0.4960137903690338,0.019940268248319626,0.0958114042878151,median_error,3.01818189982857
multitask,10.0,1,PA12,PA12_RoF_Original_11_44_41_AM,151.6156,295,0-5,complete_dynamic,0,1,3.0,7.704448699951172,0.0,-1.0,0.0,0.490429550409317,0.024212803691625595,0.09803833067417145,median_error,3.01818189982857
multitask,10.0,1,PA12,PA12_RoF_Original_11_44_41_AM,152.1227,296,0-5,complete_dynamic,0,1,3.0,7.642731666564941,0.0,-1.0,0.0,0.48751169443130493,0.02690247818827629,0.09683052450418472,median_error,3.01818189982857
multitask,10.0,1,PA12,PA12_RoF_Original_11_44_41_AM,152.6462,297,0-5,complete_dynamic,0,1,3.0,7.863454818725586,0.0,-1.0,0.0,0.4820959270000458,0.008891429752111435,0.06809824705123901,median_error,3.01818189982857
multitask,10.0,1,PA12,PA12_RoF_Original_11_44_41_AM,153.1516,298,0-5,complete_dynamic,0,1,3.0,7.179446220397949,0.0,-1.0,0.0,0.5725082159042358,0.2553304135799408,0.2351791113615036,median_error,3.01818189982857
multitask,10.0,1,PA12,PA12_RoF_Original_11_44_41_AM,153.6533,299,0-5,complete_dynamic,0,1,3.0,7.083528518676758,0.0,-1.0,0.0,0.5191278457641602,0.25747981667518616,0.326153427362442,median_error,3.01818189982857
multitask,10.0,1,PA12,PA12_RoF_Original_11_44_41_AM,154.1631,300,0-5,complete_dynamic,0,1,3.0,6.898187160491943,0.0,-1.0,0.0,0.5154049396514893,0.269715279340744,0.3470442593097687,median_error,3.01818189982857
multitask,10.0,1,PA12,PA12_RoF_Original_11_44_41_AM,154.6824,301,0-5,complete_dynamic,1,0,4.0,6.790822505950928,1.0,-1.0,-1.0,0.5131055116653442,0.26799842715263367,0.34897056221961975,median_error,3.01818189982857
multitask,10.0,1,PA12,PA12_RoF_Original_11_44_41_AM,155.194,302,5-10,complete_dynamic,1,0,5.0,6.834381580352783,1.0,-2.0,-3.0,0.507067859172821,0.2375897616147995,0.32069411873817444,median_error,3.01818189982857
multitask,10.0,1,PA12,PA12_RoF_Original_11_44_41_AM,155.7023,303,5-10,complete_dynamic,0,1,5.0,6.858279228210449,0.0,-2.0,-3.0,0.505460262298584,0.1996050924062729,0.2887246012687683,median_error,3.01818189982857
multitask,10.0,1,PA12,PA12_RoF_Original_11_44_41_AM,156.2248,304,5-10,complete_dynamic,0,1,5.0,6.758964538574219,0.0,-2.0,-3.0,0.4931160509586334,0.21163718402385712,0.3044625520706177,median_error,3.01818189982857
multitask,10.0,1,PA12,PA12_RoF_Original_11_44_41_AM,156.7616,305,0-5,complete_dynamic,1,0,2.0,6.426706314086914,1.0,1.0,0.0,0.48489007353782654,0.18919165432453156,0.2617802619934082,median_error,3.01818189982857
multitask,10.0,1,PA12,PA12_RoF_Original_11_44_41_AM,157.2851,306,0-5,complete_dynamic,0,1,2.0,6.372402191162109,0.0,1.0,0.0,0.5032011866569519,0.13609425723552704,0.1905219405889511,median_error,3.01818189982857
multitask,10.0,1,PA12,PA12_RoF_Original_11_44_41_AM,157.8065,307,0-5,complete_dynamic,0,1,2.0,6.382193088531494,0.0,1.0,0.0,0.4974159598350525,0.11690230667591095,0.17801472544670105,median_error,3.01818189982857
multitask,10.0,1,PA12,PA12_RoF_Original_11_44_41_AM,158.3466,308,0-5,complete_dynamic,0,1,2.0,6.282357215881348,0.0,1.0,0.0,0.4838290214538574,0.10435454547405243,0.18448558449745178,median_error,3.01818189982857
multitask,10.0,1,PA12,PA12_RoF_Original_11_44_41_AM,158.8533,309,0-5,complete_dynamic,0,1,2.0,6.0474114418029785,0.0,1.0,0.0,0.4815264046192169,0.10467426478862762,0.2143169343471527,median_error,3.01818189982857
multitask,10.0,1,PA12,PA12_RoF_Original_11_44_41_AM,159.3692,310,0-5,complete_dynamic,0,1,2.0,6.724184989929199,0.0,1.0,0.0,0.5207343101501465,0.17875246703624725,0.23310284316539764,median_error,3.01818189982857
multitask,10.0,1,PA12,PA12_RoF_Original_11_44_41_AM,159.8715,311,0-5,complete_dynamic,1,0,3.0,6.76131010055542,1.0,-1.0,-1.0,0.5563727021217346,0.3059549033641815,0.30405721068382263,median_error,3.01818189982857
multitask,10.0,1,PA12,PA12_RoF_Original_11_44_41_AM,160.3911,312,0-5,complete_dynamic,0,1,3.0,6.678811550140381,0.0,-1.0,-1.0,0.5169384479522705,0.23740829527378082,0.30143117904663086,median_error,3.01818189982857
multitask,10.0,1,PA12,PA12_RoF_Original_11_44_41_AM,160.8938,313,0-5,complete_dynamic,0,1,3.0,6.792367935180664,0.0,-1.0,-1.0,0.5120725035667419,0.2473515123128891,0.2650493383407593,median_error,3.01818189982857
multitask,10.0,1,PA12,PA12_RoF_Original_11_44_41_AM,161.4135,314,0-5,complete_dynamic,0,1,3.0,6.743472099304199,0.0,-1.0,-1.0,0.5010973811149597,0.22775505483150482,0.27866068482398987,median_error,3.01818189982857
multitask,10.0,1,PA12,PA12_RoF_Original_11_44_41_AM,161.9244,315,0-5,complete_dynamic,0,1,3.0,6.947608947753906,0.0,-1.0,-1.0,0.5003401041030884,0.23116178810596466,0.26805633306503296,median_error,3.01818189982857
multitask,10.0,1,PA12,PA12_RoF_Original_11_44_41_AM,162.4348,316,0-5,complete_dynamic,0,1,3.0,7.260680198669434,0.0,-1.0,-1.0,0.49489015340805054,0.2742040455341339,0.3095228374004364,median_error,3.01818189982857
multitask,10.0,1,PA12,PA12_RoF_Original_11_44_41_AM,162.9394,317,0-5,complete_dynamic,0,1,3.0,7.307913780212402,0.0,-1.0,-1.0,0.49490779638290405,0.2164372056722641,0.2723396420478821,median_error,3.01818189982857
multitask,10.0,1,PA12,PA12_RoF_Original_11_44_41_AM,163.4494,318,0-5,complete_dynamic,0,1,3.0,6.945548057556152,0.0,-1.0,-1.0,0.480556845664978,0.20338843762874603,0.3138321042060852,median_error,3.01818189982857
multitask,10.0,1,PA12,PA12_RoF_Original_11_44_41_AM,163.9553,319,0-5,complete_dynamic,0,1,3.0,6.834293842315674,0.0,-1.0,-1.0,0.4794771373271942,0.18133927881717682,0.29070502519607544,median_error,3.01818189982857
multitask,10.0,1,PA12,PA12_RoF_Original_11_44_41_AM,164.4715,320,0-5,complete_dynamic,0,1,3.0,6.9297308921813965,0.0,-1.0,-1.0,0.4806104898452759,0.14391636848449707,0.229314386844635,median_error,3.01818189982857
multitask,10.0,1,PA12,PA12_RoF_Original_11_44_41_AM,164.9849,321,0-5,complete_dynamic,1,0,2.0,7.126515865325928,1.0,0.0,0.0,0.4794937074184418,0.11441263556480408,0.18872101604938507,median_error,3.01818189982857
multitask,10.0,1,PA12,PA12_RoF_Original_11_44_41_AM,165.4984,322,0-5,complete_dynamic,0,1,2.0,7.410190582275391,0.0,0.0,0.0,0.48400935530662537,0.11333756148815155,0.18336404860019684,median_error,3.01818189982857
multitask,10.0,1,PA12,PA12_RoF_Original_11_44_41_AM,166.0011,323,0-5,complete_dynamic,0,1,2.0,7.703344345092773,0.0,0.0,0.0,0.48044511675834656,0.08387856185436249,0.12571391463279724,median_error,3.01818189982857
multitask,10.0,1,PA12,PA12_RoF_Original_11_44_41_AM,166.5042,324,0-5,complete_dynamic,0,1,2.0,7.835586071014404,0.0,0.0,0.0,0.48709070682525635,0.06353054940700531,0.10955916345119476,median_error,3.01818189982857
multitask,10.0,1,PA12,PA12_RoF_Original_11_44_41_AM,167.0068,325,0-5,complete_dynamic,0,1,2.0,7.801998615264893,0.0,0.0,1.0,0.49902331829071045,0.09530574083328247,0.09990821778774261,median_error,3.01818189982857
multitask,10.0,1,PA12,PA12_RoF_Original_11_44_41_AM,167.5079,326,0-5,complete_dynamic,0,1,2.0,7.775815010070801,0.0,0.0,2.0,0.5041729211807251,0.07899035513401031,0.06880167126655579,median_error,3.01818189982857
multitask,10.0,1,PA12,PA12_RoF_Original_11_44_41_AM,168.0128,327,0-5,complete_dynamic,0,1,2.0,7.742448806762695,0.0,0.0,2.0,0.5088732242584229,0.07463513314723969,0.062901571393013,median_error,3.01818189982857
multitask,10.0,1,PA12,PA12_RoF_Original_11_44_41_AM,168.5308,328,0-5,complete_dynamic,0,1,2.0,7.737246036529541,0.0,0.0,3.0,0.5131558775901794,0.07819552719593048,0.06618963181972504,median_error,3.01818189982857
multitask,10.0,1,PA12,PA12_RoF_Original_11_44_41_AM,169.047,329,0-5,complete_dynamic,0,1,2.0,7.807631492614746,0.0,0.0,3.0,0.5126832723617554,0.06672230362892151,0.047488659620285034,median_error,3.01818189982857
multitask,10.0,1,PA12,PA12_RoF_Original_11_44_41_AM,169.5482,330,0-5,complete_dynamic,0,1,2.0,7.283381462097168,0.0,0.0,3.0,0.48815274238586426,0.07234011590480804,0.13524462282657623,median_error,3.01818189982857
multitask,10.0,1,PA12,PA12_RoF_Original_11_44_41_AM,170.0585,331,0-5,complete_dynamic,0,1,2.0,7.159841060638428,0.0,0.0,3.0,0.4629472494125366,0.06149907782673836,0.17138376832008362,median_error,3.01818189982857
multitask,10.0,1,PA12,PA12_RoF_Original_11_44_41_AM,170.5835,332,0-5,complete_dynamic,0,1,2.0,7.564036846160889,0.0,0.0,3.0,0.4698742628097534,0.043196823447942734,0.1612107902765274,median_error,3.01818189982857
multitask,10.0,1,PA12,PA12_RoF_Original_11_44_41_AM,171.0907,333,0-5,complete_dynamic,0,1,2.0,7.6601715087890625,0.0,0.0,3.0,0.4896671772003174,0.09690870344638824,0.18604198098182678,median_error,3.01818189982857
multitask,10.0,1,PA12,PA12_RoF_Original_11_44_41_AM,171.6081,334,0-5,complete_dynamic,0,1,2.0,7.646694660186768,0.0,0.0,3.0,0.4923223555088043,0.13977275788784027,0.23416322469711304,median_error,3.01818189982857
multitask,10.0,1,PA12,PA12_RoF_Original_11_44_41_AM,172.128,335,0-5,complete_dynamic,0,1,2.0,7.498340606689453,0.0,1.0,3.0,0.4842720627784729,0.14411525428295135,0.26399660110473633,median_error,3.01818189982857
multitask,10.0,1,PA12,PA12_RoF_Original_11_44_41_AM,172.6317,336,0-5,complete_dynamic,0,1,2.0,7.346017837524414,0.0,2.0,3.0,0.49455761909484863,0.17322298884391785,0.2744525074958801,median_error,3.01818189982857
multitask,10.0,1,PA12,PA12_RoF_Original_11_44_41_AM,173.1364,337,0-5,complete_dynamic,0,1,2.0,7.383496284484863,0.0,2.0,3.0,0.4949920177459717,0.16625098884105682,0.261877179145813,median_error,3.01818189982857
multitask,10.0,1,PA12,PA12_RoF_Original_11_44_41_AM,173.6417,338,0-5,complete_dynamic,0,1,2.0,7.392914772033691,0.0,3.0,3.0,0.5096815824508667,0.24125520884990692,0.31221476197242737,median_error,3.01818189982857
multitask,10.0,1,PA12,PA12_RoF_Original_11_44_41_AM,174.147,339,0-5,complete_dynamic,0,1,2.0,7.425891399383545,0.0,3.0,3.0,0.5147275328636169,0.23524998128414154,0.2760657072067261,median_error,3.01818189982857
multitask,10.0,1,PA12,PA12_RoF_Original_11_44_41_AM,174.6556,340,0-5,complete_dynamic,0,1,2.0,7.5594096183776855,0.0,3.0,3.0,0.4995177984237671,0.10523721575737,0.1830756962299347,median_error,3.01818189982857
multitask,10.0,1,PA12,PA12_RoF_Original_11_44_41_AM,175.1641,341,0-5,complete_dynamic,0,1,2.0,7.72224760055542,0.0,3.0,3.0,0.5097997784614563,0.14872601628303528,0.20651385188102722,median_error,3.01818189982857
multitask,10.0,1,PA12,PA12_RoF_Original_11_44_41_AM,175.6712,342,0-5,complete_dynamic,0,1,2.0,7.865523338317871,0.0,3.0,3.0,0.5130018591880798,0.19579626619815826,0.2520112991333008,median_error,3.01818189982857
multitask,10.0,1,PA12,PA12_RoF_Original_11_44_41_AM,176.1831,343,0-5,complete_dynamic,0,1,2.0,7.8455810546875,0.0,3.0,2.0,0.5230557322502136,0.30416420102119446,0.4250739812850952,median_error,3.01818189982857
multitask,10.0,1,PA12,PA12_RoF_Original_11_44_41_AM,176.6856,344,0-5,complete_dynamic,0,1,2.0,7.92293119430542,0.0,3.0,2.0,0.5164052844047546,0.19984064996242523,0.2752668261528015,median_error,3.01818189982857
multitask,10.0,1,PA12,PA12_RoF_Original_11_44_41_AM,177.201,345,0-5,complete_dynamic,1,0,3.0,7.929220676422119,1.0,2.0,1.0,0.507575273513794,0.1678774505853653,0.23066195845603943,median_error,3.01818189982857
multitask,10.0,1,PA12,PA12_RoF_Original_11_44_41_AM,177.7014,346,0-5,complete_dynamic,1,0,4.0,7.9431538581848145,1.0,1.0,-1.0,0.5007598996162415,0.14724580943584442,0.1981392651796341,median_error,3.01818189982857
multitask,10.0,1,PA12,PA12_RoF_Original_11_44_41_AM,178.2163,347,0-5,complete_dynamic,0,1,4.0,8.040775299072266,0.0,1.0,-1.0,0.48515504598617554,0.08409382402896881,0.10062828660011292,median_error,3.01818189982857
multitask,10.0,1,PA12,PA12_RoF_Original_11_44_41_AM,178.7178,348,5-10,complete_dynamic,1,0,5.0,8.139458656311035,1.0,0.0,-2.0,0.48706886172294617,0.05135531350970268,0.0818672925233841,median_error,3.01818189982857
multitask,10.0,1,PA12,PA12_RoF_Original_11_44_41_AM,179.2307,349,5-10,complete_dynamic,0,1,5.0,8.182936668395996,0.0,0.0,-2.0,0.47828301787376404,0.04774045571684837,0.06182721257209778,median_error,3.01818189982857
multitask,10.0,1,PA12,PA12_RoF_Original_11_44_41_AM,179.7593,350,5-10,complete_dynamic,0,1,5.0,8.240283966064453,0.0,0.0,-2.0,0.48614218831062317,0.01959754154086113,0.028632961213588715,median_error,3.01818189982857
multitask,10.0,1,PA12,PA12_RoF_Original_11_44_41_AM,180.2813,351,5-10,complete_dynamic,0,1,5.0,8.443317413330078,0.0,0.0,-2.0,0.5062962174415588,0.1739100068807602,0.12726785242557526,median_error,3.01818189982857
multitask,10.0,1,PA12,PA12_RoF_Original_11_44_41_AM,180.7978,352,5-10,complete_dynamic,0,1,5.0,8.377031326293945,0.0,0.0,-2.0,0.5116677284240723,0.21727366745471954,0.17848548293113708,median_error,3.01818189982857
multitask,10.0,1,PA12,PA12_RoF_Original_11_44_41_AM,181.2987,353,5-10,complete_dynamic,0,1,5.0,8.125531196594238,0.0,-1.0,-2.0,0.4793696403503418,0.022023770958185196,0.029979854822158813,median_error,3.01818189982857
multitask,10.0,1,PA12,PA12_RoF_Original_11_44_41_AM,181.8044,354,5-10,complete_dynamic,0,1,5.0,8.372782707214355,0.0,-1.0,-3.0,0.4966653883457184,-0.010616619139909744,-0.028492286801338196,median_error,3.01818189982857
multitask,10.0,1,PA12,PA12_RoF_Original_11_44_41_AM,182.3083,355,5-10,complete_dynamic,0,1,5.0,8.220947265625,0.0,-2.0,-3.0,0.509452760219574,-0.03457314148545265,-0.07117137312889099,median_error,3.01818189982857
multitask,10.0,1,PA12,PA12_RoF_Original_11_44_41_AM,182.8276,356,5-10,complete_dynamic,0,1,5.0,8.276505470275879,0.0,-2.0,-3.0,0.5116809010505676,-0.05142797902226448,-0.059413716197013855,median_error,3.01818189982857
multitask,10.0,1,PA12,PA12_RoF_Original_11_44_41_AM,183.3434,357,5-10,complete_dynamic,0,1,5.0,8.33044147491455,0.0,-2.0,-3.0,0.5077723264694214,-0.025190982967615128,-0.019234418869018555,median_error,3.01818189982857
multitask,10.0,1,PA12,PA12_RoF_Original_11_44_41_AM,183.8624,358,5-10,complete_dynamic,0,1,5.0,8.138410568237305,0.0,-2.0,-3.0,0.504349946975708,0.012543048709630966,0.04026380181312561,median_error,3.01818189982857
multitask,10.0,1,PA12,PA12_RoF_Original_11_44_41_AM,184.367,359,5-10,complete_dynamic,0,1,5.0,8.083897590637207,0.0,-2.0,-3.0,0.5006164908409119,0.036529477685689926,0.07239566743373871,median_error,3.01818189982857
multitask,10.0,1,PA12,PA12_RoF_Original_11_44_41_AM,184.8874,360,5-10,complete_dynamic,0,1,5.0,7.919429779052734,0.0,-2.0,-2.0,0.501063883304596,0.06465718150138855,0.11636322736740112,median_error,3.01818189982857
multitask,10.0,1,PA12,PA12_RoF_Original_11_44_41_AM,185.4107,361,5-10,complete_dynamic,0,1,5.0,7.775177955627441,0.0,-2.0,-1.0,0.5026939511299133,0.09730930626392365,0.15783947706222534,median_error,3.01818189982857
multitask,10.0,1,PA12,PA12_RoF_Original_11_44_41_AM,185.9297,362,5-10,complete_dynamic,0,1,5.0,7.740146636962891,0.0,-2.0,-1.0,0.5236573219299316,0.2345210760831833,0.25364968180656433,median_error,3.01818189982857
multitask,10.0,1,PA12,PA12_RoF_Original_11_44_41_AM,186.4325,363,0-5,complete_dynamic,1,0,4.0,7.573422908782959,1.0,-1.0,0.0,0.5256606936454773,0.2851760685443878,0.3148213028907776,median_error,3.01818189982857
multitask,10.0,1,PA12,PA12_RoF_Original_11_44_41_AM,186.9515,364,0-5,complete_dynamic,0,1,4.0,7.514150142669678,0.0,-2.0,0.0,0.5390673875808716,0.36637553572654724,0.33860477805137634,median_error,3.01818189982857
multitask,10.0,1,PA12,PA12_RoF_Original_11_44_41_AM,187.4622,365,0-5,complete_dynamic,1,0,3.0,7.704458236694336,1.0,-1.0,1.0,0.5222384929656982,0.2978779375553131,0.3525335192680359,median_error,3.01818189982857
multitask,10.0,1,PA12,PA12_RoF_Original_11_44_41_AM,187.9798,366,0-5,complete_dynamic,0,1,3.0,7.857073783874512,0.0,-1.0,1.0,0.5075165033340454,0.24779443442821503,0.3135804831981659,median_error,3.01818189982857
multitask,10.0,1,PA12,PA12_RoF_Original_11_44_41_AM,188.482,367,0-5,complete_dynamic,0,1,3.0,7.810975074768066,0.0,-1.0,1.0,0.49596288800239563,0.22562502324581146,0.30165526270866394,median_error,3.01818189982857
multitask,10.0,1,PA12,PA12_RoF_Original_11_44_41_AM,188.9886,368,0-5,complete_dynamic,0,1,3.0,7.880924701690674,0.0,-1.0,1.0,0.48406749963760376,0.22200165688991547,0.2951292395591736,median_error,3.01818189982857
multitask,10.0,1,PA12,PA12_RoF_Original_11_44_41_AM,189.4996,369,0-5,complete_dynamic,0,1,3.0,7.73948860168457,0.0,-1.0,1.0,0.4735677242279053,0.2529827356338501,0.33301281929016113,median_error,3.01818189982857
multitask,10.0,1,PA12,PA12_RoF_Original_11_44_41_AM,190.0156,370,0-5,complete_dynamic,0,1,3.0,7.818650722503662,0.0,0.0,1.0,0.4670231342315674,0.2465253621339798,0.32699334621429443,median_error,3.01818189982857
multitask,10.0,1,PA12,PA12_RoF_Original_11_44_41_AM,190.524,371,0-5,complete_dynamic,0,1,3.0,7.6711530685424805,0.0,1.0,1.0,0.4615525007247925,0.25094056129455566,0.34811270236968994,median_error,3.01818189982857
multitask,10.0,1,PA12,PA12_RoF_Original_11_44_41_AM,191.0343,372,0-5,complete_dynamic,0,1,3.0,7.83430290222168,0.0,1.0,1.0,0.4535682201385498,0.21641753613948822,0.31102198362350464,median_error,3.01818189982857
multitask,10.0,1,PA12,PA12_RoF_Original_11_44_41_AM,191.5443,373,0-5,complete_dynamic,0,1,3.0,8.01672077178955,0.0,1.0,1.0,0.46475836634635925,0.18060113489627838,0.27816903591156006,median_error,3.01818189982857
multitask,10.0,1,PA12,PA12_RoF_Original_11_44_41_AM,192.0534,374,0-5,complete_dynamic,1,0,2.0,8.36953067779541,1.0,2.0,2.0,0.46668359637260437,0.15040312707424164,0.23400883376598358,median_error,3.01818189982857
multitask,10.0,1,PA12,PA12_RoF_Original_11_44_41_AM,192.5638,375,0-5,complete_dynamic,0,1,2.0,7.820956707000732,0.0,2.0,2.0,0.5040102005004883,0.18567386269569397,0.23243513703346252,median_error,3.01818189982857
multitask,10.0,1,PA12,PA12_RoF_Original_11_44_41_AM,193.0818,376,0-5,complete_dynamic,0,1,2.0,7.866494178771973,0.0,2.0,2.0,0.504148006439209,0.2025945782661438,0.2456822395324707,median_error,3.01818189982857
multitask,10.0,1,PA12,PA12_RoF_Original_11_44_41_AM,193.5856,377,0-5,complete_dynamic,0,1,2.0,7.893525123596191,0.0,2.0,2.0,0.4912147521972656,0.22841407358646393,0.31863293051719666,median_error,3.01818189982857
multitask,10.0,1,PA12,PA12_RoF_Original_11_44_41_AM,194.0981,378,0-5,complete_dynamic,0,1,2.0,7.780282497406006,0.0,2.0,2.0,0.49027562141418457,0.23752082884311676,0.33378297090530396,median_error,3.01818189982857
multitask,10.0,1,PA12,PA12_RoF_Original_11_44_41_AM,194.6047,379,0-5,complete_dynamic,0,1,2.0,7.640195846557617,0.0,2.0,2.0,0.4951417148113251,0.25515708327293396,0.37635618448257446,median_error,3.01818189982857
multitask,10.0,1,PA12,PA12_RoF_Original_11_44_41_AM,195.1054,380,0-5,complete_dynamic,1,0,3.0,7.71745491027832,1.0,1.0,1.0,0.5276721119880676,0.3125830590724945,0.3135243058204651,median_error,3.01818189982857
multitask,10.0,1,PA12,PA12_RoF_Original_11_44_41_AM,195.6085,381,0-5,complete_dynamic,1,0,4.0,8.112634658813477,1.0,0.0,0.0,0.5252558588981628,0.21984048187732697,0.19354189932346344,median_error,3.01818189982857
multitask,10.0,1,PA12,PA12_RoF_Original_11_44_41_AM,196.127,382,0-5,complete_dynamic,0,1,4.0,8.236597061157227,0.0,0.0,-1.0,0.5206305980682373,0.16065159440040588,0.1339520364999771,median_error,3.01818189982857
multitask,10.0,1,PA12,PA12_RoF_Original_11_44_41_AM,196.6307,383,0-5,complete_dynamic,0,1,4.0,8.283700942993164,0.0,0.0,-2.0,0.522675096988678,0.11145037412643433,0.07146745920181274,median_error,3.01818189982857
multitask,10.0,1,PA12,PA12_RoF_Original_11_44_41_AM,197.1343,384,0-5,complete_dynamic,0,1,4.0,8.363042831420898,0.0,0.0,-2.0,0.5294505953788757,0.06743630766868591,0.017859995365142822,median_error,3.01818189982857
multitask,10.0,1,PA12,PA12_RoF_Original_11_44_41_AM,197.6343,385,0-5,complete_dynamic,0,1,4.0,8.478044509887695,0.0,0.0,-2.0,0.5378897786140442,0.05629121884703636,-0.017169177532196045,median_error,3.01818189982857
multitask,10.0,1,PA12,PA12_RoF_Original_11_44_41_AM,198.1477,386,0-5,complete_dynamic,0,1,4.0,8.46639633178711,0.0,0.0,-2.0,0.5430078506469727,0.025024335831403732,-0.038466960191726685,median_error,3.01818189982857
multitask,10.0,1,PA12,PA12_RoF_Original_11_44_41_AM,198.65,387,0-5,complete_dynamic,0,1,4.0,8.642206192016602,0.0,0.0,-2.0,0.5470296144485474,-0.01648072525858879,-0.09781557321548462,median_error,3.01818189982857
multitask,10.0,1,PA12,PA12_RoF_Original_11_44_41_AM,199.1606,388,0-5,complete_dynamic,0,1,4.0,8.817258834838867,0.0,0.0,-1.0,0.5498117208480835,-0.02480180934071541,-0.1154196560382843,median_error,3.01818189982857
multitask,10.0,1,PA12,PA12_RoF_Original_11_44_41_AM,199.6626,389,0-5,complete_dynamic,0,1,4.0,8.971582412719727,0.0,0.0,0.0,0.5568284392356873,-0.04914655163884163,-0.13324329257011414,median_error,3.01818189982857
multitask,10.0,1,PA12,PA12_RoF_Original_11_44_41_AM,200.1783,390,0-5,complete_dynamic,0,1,4.0,9.264913558959961,0.0,0.0,0.0,0.5680328011512756,-0.08730855584144592,-0.17658200860023499,median_error,3.01818189982857
multitask,10.0,1,PA12,PA12_RoF_Original_11_44_41_AM,200.6814,391,0-5,complete_dynamic,0,1,4.0,9.497770309448242,0.0,0.0,0.0,0.5913329720497131,-0.1084725633263588,-0.2589096128940582,median_error,3.01818189982857
multitask,10.0,1,PA12,PA12_RoF_Original_11_44_41_AM,201.184,392,0-5,complete_dynamic,0,1,4.0,9.67389965057373,0.0,-1.0,0.0,0.6018273830413818,-0.16789576411247253,-0.34638240933418274,median_error,3.01818189982857
multitask,10.0,1,PA12,PA12_RoF_Original_11_44_41_AM,201.6928,393,0-5,complete_dynamic,0,1,4.0,9.966928482055664,0.0,-2.0,0.0,0.6036396026611328,-0.19056938588619232,-0.3981809616088867,median_error,3.01818189982857
multitask,10.0,1,PA12,PA12_RoF_Original_11_44_41_AM,202.2072,394,0-5,complete_dynamic,0,1,4.0,10.122457504272461,0.0,-2.0,0.0,0.5970672369003296,-0.17923308908939362,-0.37205541133880615,median_error,3.01818189982857
multitask,10.0,1,PA12,PA12_RoF_Original_11_44_41_AM,202.7074,395,0-5,complete_dynamic,0,1,4.0,10.211109161376953,0.0,-2.0,1.0,0.5908858180046082,-0.24039886891841888,-0.39557838439941406,median_error,3.01818189982857
multitask,10.0,1,PA12,PA12_RoF_Original_11_44_41_AM,203.2128,396,0-5,complete_dynamic,0,1,4.0,10.464790344238281,0.0,-2.0,1.0,0.5858798027038574,-0.26523762941360474,-0.4213639795780182,median_error,3.01818189982857
multitask,10.0,1,PA12,PA12_RoF_Original_11_44_41_AM,203.7152,397,0-5,complete_dynamic,0,1,4.0,10.596172332763672,0.0,-2.0,0.0,0.5893180966377258,-0.25258195400238037,-0.4139178395271301,median_error,3.01818189982857
multitask,10.0,1,PA12,PA12_RoF_Original_11_44_41_AM,204.2154,398,0-5,complete_dynamic,0,1,4.0,10.424467086791992,0.0,-1.0,0.0,0.5840148329734802,-0.21408173441886902,-0.35190945863723755,median_error,3.01818189982857
multitask,10.0,1,PA12,PA12_RoF_Original_11_44_41_AM,204.7292,399,0-5,complete_dynamic,0,1,4.0,10.257847785949707,0.0,0.0,-1.0,0.5720550417900085,-0.18226385116577148,-0.30033162236213684,median_error,3.01818189982857
multitask,10.0,1,PA12,PA12_RoF_Original_11_44_41_AM,205.2556,400,0-5,complete_dynamic,0,1,4.0,10.151775360107422,0.0,0.0,-1.0,0.563924252986908,-0.14150705933570862,-0.23668482899665833,median_error,3.01818189982857
multitask,10.0,1,PA12,PA12_RoF_Original_11_44_41_AM,205.7813,401,0-5,complete_dynamic,0,1,4.0,10.15955924987793,0.0,0.0,-1.0,0.5580734610557556,-0.0763106718659401,-0.15693935751914978,median_error,3.01818189982857
multitask,10.0,1,PA12,PA12_RoF_Original_11_44_41_AM,206.285,402,0-5,complete_dynamic,1,0,3.0,9.830739974975586,1.0,1.0,0.0,0.5501043200492859,-0.01763342134654522,-0.07717135548591614,median_error,3.01818189982857
multitask,10.0,1,PA12,PA12_RoF_Original_11_44_41_AM,206.7852,403,0-5,complete_dynamic,1,0,2.0,9.832833290100098,1.0,2.0,1.0,0.5481336712837219,0.02919873222708702,-0.03910529613494873,median_error,3.01818189982857
multitask,10.0,1,PA12,PA12_RoF_Original_11_44_41_AM,207.2895,404,0-5,complete_dynamic,0,1,2.0,9.520917892456055,0.0,2.0,0.0,0.5416291952133179,0.07840360701084137,0.030255228281021118,median_error,3.01818189982857
multitask,10.0,1,PA12,PA12_RoF_Original_11_44_41_AM,207.8543,405,0-5,complete_dynamic,0,1,2.0,8.690296173095703,0.0,3.0,0.0,0.5240716934204102,0.09127113223075867,0.015680819749832153,median_error,3.01818189982857
multitask,10.0,1,PA12,PA12_RoF_Original_11_44_41_AM,208.3675,406,0-5,complete_dynamic,0,1,2.0,9.217166900634766,0.0,3.0,1.0,0.5614819526672363,0.042772796005010605,-0.05294039845466614,median_error,3.01818189982857
multitask,10.0,1,PA12,PA12_RoF_Original_11_44_41_AM,208.8763,407,0-5,complete_dynamic,0,1,2.0,9.339177131652832,0.0,2.0,1.0,0.5771143436431885,0.01760675385594368,-0.1218755841255188,median_error,3.01818189982857
multitask,10.0,1,PA12,PA12_RoF_Original_11_44_41_AM,209.3892,408,0-5,complete_dynamic,1,0,3.0,9.564985275268555,1.0,0.0,0.0,0.588761031627655,-0.0001414082944393158,-0.14301133155822754,median_error,3.01818189982857
multitask,10.0,1,PA12,PA12_RoF_Original_11_44_41_AM,209.9007,409,0-5,complete_dynamic,1,0,4.0,9.154656410217285,1.0,-1.0,-1.0,0.5728132128715515,0.042864929884672165,-0.07030019164085388,median_error,3.01818189982857
multitask,10.0,1,PA12,PA12_RoF_Original_11_44_41_AM,210.4189,410,0-5,complete_dynamic,0,1,4.0,9.42755126953125,0.0,-1.0,-1.0,0.5918744206428528,-0.0097736194729805,-0.14034849405288696,median_error,3.01818189982857
multitask,10.0,1,PA12,PA12_RoF_Original_11_44_41_AM,210.9243,411,0-5,complete_dynamic,0,1,4.0,9.831795692443848,0.0,-1.0,-1.0,0.6279550790786743,-0.03603794425725937,-0.2230280339717865,median_error,3.01818189982857
multitask,10.0,1,PA12,PA12_RoF_Original_11_44_41_AM,211.4321,412,0-5,complete_dynamic,0,1,4.0,10.050771713256836,0.0,-1.0,-1.0,0.641994297504425,-0.0643656998872757,-0.2772119343280792,median_error,3.01818189982857
multitask,10.0,1,PA12,PA12_RoF_Original_11_44_41_AM,211.9362,413,0-5,complete_dynamic,0,1,4.0,10.135469436645508,0.0,-2.0,-1.0,0.6544108986854553,-0.10026834160089493,-0.3289714455604553,median_error,3.01818189982857
multitask,10.0,1,PA12,PA12_RoF_Original_11_44_41_AM,212.4433,414,0-5,complete_dynamic,0,1,4.0,9.828136444091797,0.0,-2.0,-1.0,0.6389131546020508,-0.12464968860149384,-0.2658731937408447,median_error,3.01818189982857
multitask,10.0,1,PA12,PA12_RoF_Original_11_44_41_AM,212.9479,415,5-10,complete_dynamic,1,0,5.0,9.672630310058594,1.0,-3.0,0.0,0.6360173225402832,-0.11581186950206757,-0.23385462164878845,median_error,3.01818189982857
multitask,10.0,1,PA12,PA12_RoF_Original_11_44_41_AM,213.4531,416,5-10,complete_dynamic,0,1,5.0,9.273765563964844,0.0,-2.0,0.0,0.6323508620262146,-0.07976485788822174,-0.16022861003875732,median_error,3.01818189982857
multitask,10.0,1,PA12,PA12_RoF_Original_11_44_41_AM,213.9741,417,0-5,complete_dynamic,1,0,4.0,9.10239315032959,1.0,-1.0,1.0,0.6297248005867004,-0.06675411760807037,-0.13081389665603638,median_error,3.01818189982857
multitask,10.0,1,PA12,PA12_RoF_Original_11_44_41_AM,214.5067,418,0-5,complete_dynamic,1,0,3.0,9.057991981506348,1.0,0.0,2.0,0.6274207830429077,-0.06467790901660919,-0.1258562207221985,median_error,3.01818189982857
multitask,10.0,1,PA12,PA12_RoF_Original_11_44_41_AM,215.0096,419,0-5,complete_dynamic,0,1,3.0,9.018172264099121,0.0,0.0,2.0,0.6247427463531494,-0.0648142397403717,-0.12456962466239929,median_error,3.01818189982857
multitask,10.0,1,PA12,PA12_RoF_Original_11_44_41_AM,215.5231,420,0-5,complete_dynamic,0,1,3.0,9.018648147583008,0.0,0.0,2.0,0.6272174119949341,-0.06002961844205856,-0.14829587936401367,median_error,3.01818189982857
multitask,10.0,1,PA12,PA12_RoF_Original_11_44_41_AM,216.0361,421,0-5,complete_dynamic,0,1,3.0,8.683755874633789,0.0,0.0,2.0,0.6204760670661926,-0.007297582924365997,-0.08641993999481201,median_error,3.01818189982857
multitask,10.0,1,PA12,PA12_RoF_Original_11_44_41_AM,216.5497,422,0-5,complete_dynamic,0,1,3.0,8.688228607177734,0.0,0.0,2.0,0.6216262578964233,0.03057602420449257,-0.0778014063835144,median_error,3.01818189982857
multitask,10.0,1,PA12,PA12_RoF_Original_11_44_41_AM,217.0694,423,0-5,complete_dynamic,1,0,2.0,8.664169311523438,1.0,1.0,3.0,0.6222842335700989,0.08059696853160858,-0.04590421915054321,median_error,3.01818189982857
multitask,10.0,1,PA12,PA12_RoF_Original_11_44_41_AM,217.5772,424,0-5,complete_dynamic,0,1,2.0,8.777873992919922,0.0,1.0,3.0,0.6172548532485962,0.10948488116264343,-0.0382479727268219,median_error,3.01818189982857
multitask,10.0,1,PA12,PA12_RoF_Original_11_44_41_AM,218.0784,425,0-5,complete_dynamic,0,1,2.0,8.541601181030273,0.0,3.0,3.0,0.5997951030731201,0.17507070302963257,0.04684162139892578,median_error,3.01818189982857
multitask,10.0,1,PA12,PA12_RoF_Original_11_44_41_AM,218.5894,426,0-5,complete_dynamic,1,0,3.0,8.396734237670898,1.0,2.0,2.0,0.5809516906738281,0.2198961228132248,0.12321561574935913,median_error,3.01818189982857
multitask,10.0,1,PA12,PA12_RoF_Original_11_44_41_AM,219.0909,427,0-5,complete_dynamic,0,1,3.0,8.461896896362305,0.0,2.0,2.0,0.5637603402137756,0.25161248445510864,0.18699340522289276,median_error,3.01818189982857
multitask,10.0,1,PA12,PA12_RoF_Original_11_44_41_AM,219.5976,428,0-5,complete_dynamic,0,1,3.0,8.404787063598633,0.0,2.0,2.0,0.5421872138977051,0.2253992110490799,0.2046092003583908,median_error,3.01818189982857
multitask,10.0,1,PA12,PA12_RoF_Original_11_44_41_AM,220.1057,429,0-5,complete_dynamic,0,1,3.0,8.428267478942871,0.0,2.0,1.0,0.5276256203651428,0.18929064273834229,0.17798317968845367,median_error,3.01818189982857
multitask,10.0,1,PA12,PA12_RoF_Original_11_44_41_AM,220.6266,430,0-5,complete_dynamic,0,1,3.0,8.333805084228516,0.0,2.0,0.0,0.5168532133102417,0.1813429743051529,0.1869012415409088,median_error,3.01818189982857
multitask,10.0,1,PA12,PA12_RoF_Original_11_44_41_AM,221.1303,431,0-5,complete_dynamic,0,1,3.0,8.490316390991211,0.0,2.0,-1.0,0.5014953017234802,0.15958136320114136,0.16220931708812714,median_error,3.01818189982857
multitask,10.0,1,PA12,PA12_RoF_Original_11_44_41_AM,221.6315,432,0-5,complete_dynamic,0,1,3.0,8.481549263000488,0.0,2.0,-1.0,0.512607216835022,0.14583346247673035,0.12123703956604004,median_error,3.01818189982857
multitask,10.0,1,PA12,PA12_RoF_Original_11_44_41_AM,222.1427,433,0-5,complete_dynamic,0,1,3.0,8.20802116394043,0.0,2.0,-2.0,0.551754891872406,0.1763342022895813,0.08227245509624481,median_error,3.01818189982857
multitask,10.0,1,PA12,PA12_RoF_Original_11_44_41_AM,222.6645,434,0-5,complete_dynamic,0,1,3.0,8.264257431030273,0.0,2.0,-3.0,0.5476198792457581,0.16507858037948608,0.071656733751297,median_error,3.01818189982857
multitask,10.0,1,PA12,PA12_RoF_Original_11_44_41_AM,223.1784,435,5-10,complete_dynamic,1,0,5.0,8.274837493896484,1.0,0.0,-5.0,0.542485237121582,0.14915341138839722,0.05474802851676941,median_error,3.01818189982857
multitask,10.0,1,PA12,PA12_RoF_Original_11_44_41_AM,223.6835,436,5-10,complete_dynamic,0,1,5.0,8.542459487915039,0.0,0.0,-5.0,0.5159173011779785,0.10015203058719635,0.05691245198249817,median_error,3.01818189982857
multitask,10.0,1,PA12,PA12_RoF_Original_11_44_41_AM,224.218,437,5-10,complete_dynamic,0,1,5.0,8.960657119750977,0.0,0.0,-5.0,0.5010247826576233,0.07912501692771912,0.04228551685810089,median_error,3.01818189982857
multitask,10.0,1,PA12,PA12_RoF_Original_11_44_41_AM,224.7187,438,5-10,complete_dynamic,0,1,5.0,9.232948303222656,0.0,0.0,-5.0,0.48985469341278076,0.06985585391521454,0.034102678298950195,median_error,3.01818189982857
multitask,10.0,1,PA12,PA12_RoF_Original_11_44_41_AM,225.2389,439,5-10,complete_dynamic,0,1,5.0,9.633811950683594,0.0,-1.0,-5.0,0.4818119406700134,0.06037029251456261,0.0160311758518219,median_error,3.01818189982857
multitask,10.0,1,PA12,PA12_RoF_Original_11_44_41_AM,225.766,440,5-10,complete_dynamic,0,1,5.0,9.785625457763672,0.0,-2.0,-5.0,0.4781160354614258,0.06596386432647705,0.026219308376312256,median_error,3.01818189982857
multitask,10.0,1,PA12,PA12_RoF_Original_11_44_41_AM,226.2835,441,5-10,complete_dynamic,0,1,5.0,9.131404876708984,0.0,-3.0,-5.0,0.45776432752609253,0.05290466174483299,0.05254209041595459,median_error,3.01818189982857
multitask,10.0,1,PA12,PA12_RoF_Original_11_44_41_AM,226.7921,442,5-10,complete_dynamic,0,1,5.0,8.77362060546875,0.0,-3.0,-5.0,0.4562498927116394,0.034521620720624924,0.021723508834838867,median_error,3.01818189982857
multitask,10.0,1,PA12,PA12_RoF_Original_11_44_41_AM,227.2967,443,5-10,complete_dynamic,0,1,5.0,8.642234802246094,0.0,-4.0,-5.0,0.45356032252311707,0.02971911057829857,0.017708122730255127,median_error,3.01818189982857
multitask,10.0,1,PA12,PA12_RoF_Original_11_44_41_AM,227.8009,444,5-10,complete_dynamic,0,1,5.0,8.599815368652344,0.0,-5.0,-5.0,0.4643130302429199,0.021763812750577927,-0.005495429039001465,median_error,3.01818189982857
multitask,10.0,1,PA12,PA12_RoF_Original_11_44_41_AM,228.316,445,5-10,complete_dynamic,0,1,5.0,8.51130485534668,0.0,-5.0,-5.0,0.4731370508670807,0.02098895236849785,-0.014060229063034058,median_error,3.01818189982857
multitask,10.0,1,PA12,PA12_RoF_Original_11_44_41_AM,228.8304,446,5-10,complete_dynamic,0,1,5.0,8.565040588378906,0.0,-5.0,-5.0,0.4670211672782898,0.019279222935438156,0.008525878190994263,median_error,3.01818189982857
multitask,10.0,1,PA12,PA12_RoF_Original_11_44_41_AM,229.3329,447,5-10,complete_dynamic,0,1,5.0,8.821288108825684,0.0,-5.0,-5.0,0.45736008882522583,0.033767495304346085,0.04082050919532776,median_error,3.01818189982857
multitask,10.0,1,PA12,PA12_RoF_Original_11_44_41_AM,229.8374,448,5-10,complete_dynamic,0,1,5.0,8.991246223449707,0.0,-5.0,-5.0,0.45109793543815613,0.061879631131887436,0.0841032862663269,median_error,3.01818189982857
multitask,10.0,1,PA12,PA12_RoF_Original_11_44_41_AM,230.348,449,0-5,complete_dynamic,1,0,4.0,8.688106536865234,1.0,-4.0,-4.0,0.44155895709991455,0.07128283381462097,0.14461156725883484,median_error,3.01818189982857
multitask,10.0,1,PA12,PA12_RoF_Original_11_44_41_AM,230.8635,450,0-5,complete_dynamic,1,0,3.0,8.42172622680664,1.0,-3.0,-3.0,0.447202205657959,0.09024088084697723,0.17464679479599,median_error,3.01818189982857
multitask,10.0,1,PA12,PA12_RoF_Original_11_44_41_AM,231.3747,451,0-5,complete_dynamic,1,0,2.0,8.14319133758545,1.0,-2.0,-2.0,0.45877373218536377,0.10756796598434448,0.19733574986457825,median_error,3.01818189982857
multitask,10.0,1,PA12,PA12_RoF_Original_11_44_41_AM,231.8793,452,0-5,complete_dynamic,0,1,2.0,7.951120376586914,0.0,-2.0,-2.0,0.47068893909454346,0.11659882962703705,0.2077597975730896,median_error,3.01818189982857
multitask,10.0,1,PA12,PA12_RoF_Original_11_44_41_AM,232.3809,453,0-5,complete_dynamic,1,0,1.0,7.804617881774902,1.0,-1.0,-1.0,0.4805046617984772,0.11727206408977509,0.2070477306842804,median_error,3.01818189982857
multitask,10.0,1,PA12,PA12_RoF_Original_11_44_41_AM,232.8893,454,0-5,complete_dynamic,1,0,0.0,7.670074462890625,1.0,0.0,0.0,0.4883491098880768,0.10956047475337982,0.19456519186496735,median_error,3.01818189982857
multitask,10.0,1,PA12,PA12_RoF_Original_11_44_41_AM,233.4017,455,0-5,complete_dynamic,0,1,0.0,7.74049186706543,0.0,0.0,0.0,0.5020397901535034,0.09550406038761139,0.15760475397109985,median_error,3.01818189982857
multitask,10.0,1,PA12,PA12_RoF_Original_11_44_41_AM,233.9024,456,0-5,complete_dynamic,0,1,0.0,7.429961204528809,0.0,0.0,0.0,0.5121406316757202,0.08499591052532196,0.13514383137226105,median_error,3.01818189982857
multitask,10.0,1,PA12,PA12_RoF_Original_11_44_41_AM,234.4576,457,0-5,complete_dynamic,0,1,0.0,7.042574882507324,0.0,0.0,0.0,0.5236102342605591,0.08065114915370941,0.11926744878292084,median_error,3.01818189982857
multitask,10.0,1,PA12,PA12_RoF_Original_11_44_41_AM,234.9588,458,0-5,complete_dynamic,0,1,0.0,6.888574600219727,0.0,0.0,0.0,0.521946132183075,0.09353998303413391,0.11185568571090698,median_error,3.01818189982857
multitask,10.0,1,PA12,PA12_RoF_Original_11_44_41_AM,235.4661,459,0-5,complete_dynamic,0,1,0.0,6.519073963165283,0.0,0.0,0.0,0.5079730749130249,0.1575719565153122,0.184019073843956,median_error,3.01818189982857
multitask,10.0,1,PA12,PA12_RoF_Original_11_44_41_AM,235.9672,460,0-5,complete_dynamic,0,1,0.0,6.217988014221191,0.0,0.0,0.0,0.4999734163284302,0.1729959398508072,0.21371635794639587,median_error,3.01818189982857
multitask,10.0,1,PA12,PA12_RoF_Original_11_44_41_AM,236.4681,461,0-5,complete_dynamic,0,1,0.0,6.299190044403076,0.0,0.0,0.0,0.5037559270858765,0.2138250321149826,0.2697769105434418,median_error,3.01818189982857
multitask,10.0,1,PA12,PA12_RoF_Original_11_44_41_AM,236.9839,462,0-5,complete_dynamic,0,1,0.0,6.367699146270752,0.0,0.0,0.0,0.5078742504119873,0.22826053202152252,0.285836398601532,median_error,3.01818189982857
multitask,10.0,1,PA12,PA12_RoF_Original_11_44_41_AM,237.4885,463,0-5,complete_dynamic,0,1,0.0,6.096099853515625,0.0,0.0,0.0,0.5046213865280151,0.2333880513906479,0.28958988189697266,median_error,3.01818189982857
multitask,10.0,1,PA12,PA12_RoF_Original_11_44_41_AM,238.0039,464,0-5,complete_dynamic,0,1,0.0,6.0759735107421875,0.0,0.0,0.0,0.5090920329093933,0.22612150013446808,0.2665829658508301,median_error,3.01818189982857
multitask,10.0,1,PA12,PA12_RoF_Original_11_44_41_AM,238.5261,465,0-5,complete_dynamic,0,1,0.0,6.914114952087402,0.0,0.0,0.0,0.5281620621681213,0.18781279027462006,0.19580486416816711,median_error,3.01818189982857
multitask,10.0,1,PA12,PA12_RoF_Original_11_44_41_AM,239.0425,466,0-5,complete_dynamic,0,1,0.0,5.94559383392334,0.0,0.0,0.0,0.5038033723831177,0.24498026072978973,0.2959939241409302,median_error,3.01818189982857
multitask,10.0,1,PA2,PA2_Base_6_04_59_PM,10.0681,19,0-5,complete_dynamic,1,0,2.0,2.151604175567627,1.0,0.0,0.0,0.35340195894241333,0.3097783923149109,0.626668393611908,high_error,11.075350426253088
multitask,10.0,1,PA2,PA2_Base_6_04_59_PM,10.5842,20,0-5,complete_dynamic,0,1,2.0,1.911792278289795,0.0,0.0,0.0,0.3425501585006714,0.3205532431602478,0.6543666124343872,high_error,11.075350426253088
multitask,10.0,1,PA2,PA2_Base_6_04_59_PM,11.09563,21,0-5,complete_dynamic,0,1,2.0,1.718811273574829,0.0,0.0,0.0,0.3376809060573578,0.3186069130897522,0.6648350358009338,high_error,11.075350426253088
multitask,10.0,1,PA2,PA2_Base_6_04_59_PM,11.59578,22,0-5,complete_dynamic,0,1,2.0,1.4557597637176514,0.0,0.0,0.0,0.33374741673469543,0.30205076932907104,0.655170738697052,high_error,11.075350426253088
multitask,10.0,1,PA2,PA2_Base_6_04_59_PM,12.09587,23,0-5,complete_dynamic,0,1,2.0,1.1620211601257324,0.0,0.0,0.0,0.33055707812309265,0.27228984236717224,0.6291794180870056,high_error,11.075350426253088
multitask,10.0,1,PA2,PA2_Base_6_04_59_PM,12.59743,24,0-5,complete_dynamic,0,1,2.0,0.9469387531280518,0.0,0.0,0.0,0.32882073521614075,0.24527622759342194,0.6032774448394775,high_error,11.075350426253088
multitask,10.0,1,PA2,PA2_Base_6_04_59_PM,13.10956,25,0-5,complete_dynamic,0,1,2.0,0.8509364128112793,0.0,0.0,0.0,0.32818806171417236,0.23086915910243988,0.5888493061065674,high_error,11.075350426253088
multitask,10.0,1,PA2,PA2_Base_6_04_59_PM,13.61062,26,0-5,complete_dynamic,0,1,2.0,0.8205916881561279,0.0,0.0,0.0,0.328556090593338,0.22154264152050018,0.5774050354957581,high_error,11.075350426253088
multitask,10.0,1,PA2,PA2_Base_6_04_59_PM,14.12442,27,0-5,complete_dynamic,0,1,2.0,0.8126397132873535,0.0,0.0,0.0,0.32812735438346863,0.21446751058101654,0.5693992972373962,high_error,11.075350426253088
multitask,10.0,1,PA2,PA2_Base_6_04_59_PM,14.63803,28,0-5,complete_dynamic,0,1,2.0,0.838524341583252,0.0,0.0,1.0,0.3290381133556366,0.20678575336933136,0.5570824146270752,high_error,11.075350426253088
multitask,10.0,1,PA2,PA2_Base_6_04_59_PM,15.15077,29,0-5,complete_dynamic,0,1,2.0,0.874159574508667,0.0,0.0,1.0,0.3299521207809448,0.20075634121894836,0.5462852120399475,high_error,11.075350426253088
multitask,10.0,1,PA2,PA2_Base_6_04_59_PM,15.66433,30,0-5,complete_dynamic,0,1,2.0,0.904285192489624,0.0,0.0,1.0,0.33016154170036316,0.19680947065353394,0.5395565032958984,high_error,11.075350426253088
multitask,10.0,1,PA2,PA2_Base_6_04_59_PM,16.16476,31,0-5,complete_dynamic,0,1,2.0,0.9322409629821777,0.0,0.0,1.0,0.33039185404777527,0.19564412534236908,0.5364818572998047,high_error,11.075350426253088
multitask,10.0,1,PA2,PA2_Base_6_04_59_PM,16.66506,32,0-5,complete_dynamic,0,1,2.0,0.9765427112579346,0.0,0.0,1.0,0.3260897397994995,0.20588885247707367,0.5672180652618408,high_error,11.075350426253088
multitask,10.0,1,PA2,PA2_Base_6_04_59_PM,17.16551,33,0-5,complete_dynamic,0,1,2.0,1.0295970439910889,0.0,0.0,3.0,0.32337602972984314,0.2267923206090927,0.6004987955093384,high_error,11.075350426253088
multitask,10.0,1,PA2,PA2_Base_6_04_59_PM,17.67968,34,0-5,complete_dynamic,0,1,2.0,1.0032894611358643,0.0,0.0,6.0,0.3199094533920288,0.24717573821544647,0.6323242783546448,high_error,11.075350426253088
multitask,10.0,1,PA2,PA2_Base_6_04_59_PM,18.1929,35,0-5,complete_dynamic,0,1,2.0,1.0220975875854492,0.0,0.0,6.0,0.31846892833709717,0.26217058300971985,0.6518614888191223,high_error,11.075350426253088
multitask,10.0,1,PA2,PA2_Base_6_04_59_PM,18.69328,36,0-5,complete_dynamic,0,1,2.0,1.0141088962554932,0.0,0.0,6.0,0.3172830641269684,0.27336904406547546,0.6664517521858215,high_error,11.075350426253088
multitask,10.0,1,PA2,PA2_Base_6_04_59_PM,19.19417,37,0-5,complete_dynamic,0,1,2.0,1.119737148284912,0.0,0.0,6.0,0.31986507773399353,0.2793651223182678,0.6651254296302795,high_error,11.075350426253088
multitask,10.0,1,PA2,PA2_Base_6_04_59_PM,19.70711,38,0-5,complete_dynamic,0,1,2.0,1.303919792175293,0.0,1.0,6.0,0.32546037435531616,0.2836197018623352,0.6549702286720276,high_error,11.075350426253088
multitask,10.0,1,PA2,PA2_Base_6_04_59_PM,20.21985,39,0-5,complete_dynamic,0,1,2.0,1.5899221897125244,0.0,1.0,6.0,0.3345879316329956,0.28654107451438904,0.6339941620826721,high_error,11.075350426253088
multitask,10.0,1,PA2,PA2_Base_6_04_59_PM,20.7199,40,0-5,complete_dynamic,0,1,2.0,1.8578567504882812,0.0,1.0,6.0,0.343243807554245,0.2972773015499115,0.6228726506233215,high_error,11.075350426253088
multitask,10.0,1,PA2,PA2_Base_6_04_59_PM,21.23258,41,0-5,complete_dynamic,0,1,2.0,2.015733242034912,0.0,1.0,8.0,0.35055655241012573,0.31597161293029785,0.6239514350891113,high_error,11.075350426253088
multitask,10.0,1,PA2,PA2_Base_6_04_59_PM,21.73589,42,0-5,complete_dynamic,0,1,2.0,2.068233013153076,0.0,1.0,10.0,0.35491088032722473,0.33141061663627625,0.6295967698097229,high_error,11.075350426253088
multitask,10.0,1,PA2,PA2_Base_6_04_59_PM,22.24717,43,0-5,complete_dynamic,0,1,2.0,2.103368043899536,0.0,3.0,10.0,0.35822591185569763,0.3382990062236786,0.6286031007766724,high_error,11.075350426253088
multitask,10.0,1,PA2,PA2_Base_6_04_59_PM,22.7472,44,0-5,complete_dynamic,0,1,2.0,2.109717845916748,0.0,6.0,10.0,0.3554634749889374,0.32662031054496765,0.6351757645606995,high_error,11.075350426253088
multitask,10.0,1,PA2,PA2_Base_6_04_59_PM,23.24783,45,0-5,complete_dynamic,0,1,2.0,2.128526449203491,0.0,6.0,10.0,0.3550088405609131,0.3147318363189697,0.626072108745575,high_error,11.075350426253088
multitask,10.0,1,PA2,PA2_Base_6_04_59_PM,23.76105,46,0-5,complete_dynamic,0,1,2.0,2.159578323364258,0.0,6.0,10.0,0.3548433184623718,0.3044704496860504,0.6161152720451355,high_error,11.075350426253088
multitask,10.0,1,PA2,PA2_Base_6_04_59_PM,24.26354,47,0-5,complete_dynamic,0,1,2.0,2.229581356048584,0.0,6.0,10.0,0.3563883304595947,0.2944442629814148,0.6004752516746521,high_error,11.075350426253088
multitask,10.0,1,PA2,PA2_Base_6_04_59_PM,24.77531,48,0-5,complete_dynamic,1,0,3.0,2.2817273139953613,1.0,5.0,9.0,0.35719653964042664,0.2876724302768707,0.5897791981697083,high_error,11.075350426253088
multitask,10.0,1,PA2,PA2_Base_6_04_59_PM,25.27576,49,0-5,complete_dynamic,0,1,3.0,2.335533857345581,0.0,5.0,9.0,0.35887762904167175,0.2875954210758209,0.5829460620880127,high_error,11.075350426253088
multitask,10.0,1,PA2,PA2_Base_6_04_59_PM,25.77767,50,0-5,complete_dynamic,0,1,3.0,2.403914213180542,0.0,5.0,9.0,0.36225879192352295,0.3000759780406952,0.5867029428482056,high_error,11.075350426253088
multitask,10.0,1,PA2,PA2_Base_6_04_59_PM,26.28867,51,0-5,complete_dynamic,0,1,3.0,2.523420810699463,0.0,7.0,9.0,0.3680073916912079,0.3152448236942291,0.5886930823326111,high_error,11.075350426253088
multitask,10.0,1,PA2,PA2_Base_6_04_59_PM,26.78901,52,0-5,complete_dynamic,0,1,3.0,2.4720733165740967,0.0,9.0,9.0,0.36820900440216064,0.3356931209564209,0.6121205687522888,high_error,11.075350426253088
multitask,10.0,1,PA2,PA2_Base_6_04_59_PM,27.30362,53,5-10,complete_dynamic,1,0,5.0,2.4949097633361816,1.0,7.0,7.0,0.37368935346603394,0.3633491098880768,0.6263125538825989,high_error,11.075350426253088
multitask,10.0,1,PA2,PA2_Base_6_04_59_PM,27.81719,54,5-10,complete_dynamic,1,0,8.0,2.531428813934326,1.0,4.0,4.0,0.37995511293411255,0.3849472105503082,0.6329517960548401,high_error,11.075350426253088
multitask,10.0,1,PA2,PA2_Base_6_04_59_PM,28.31744,55,5-10,complete_dynamic,0,1,8.0,2.548625946044922,0.0,4.0,4.0,0.38447415828704834,0.3970631957054138,0.6340065598487854,high_error,11.075350426253088
multitask,10.0,1,PA2,PA2_Base_6_04_59_PM,28.81778,56,5-10,complete_dynamic,0,1,8.0,2.64058256149292,0.0,4.0,4.0,0.3905948996543884,0.389372318983078,0.6084949970245361,high_error,11.075350426253088
multitask,10.0,1,PA2,PA2_Base_6_04_59_PM,29.31824,57,5-10,complete_dynamic,0,1,8.0,2.7550301551818848,0.0,4.0,4.0,0.39700818061828613,0.3722667694091797,0.5712966322898865,high_error,11.075350426253088
multitask,10.0,1,PA2,PA2_Base_6_04_59_PM,29.81917,58,5-10,complete_dynamic,0,1,8.0,2.8607170581817627,0.0,4.0,4.0,0.40329939126968384,0.35552680492401123,0.5349730849266052,high_error,11.075350426253088
multitask,10.0,1,PA2,PA2_Base_6_04_59_PM,30.33117,59,5-10,complete_dynamic,0,1,8.0,2.940141201019287,0.0,4.0,4.0,0.4095523953437805,0.34552231431007385,0.5036865472793579,high_error,11.075350426253088
multitask,10.0,1,PA2,PA2_Base_6_04_59_PM,30.8343,60,5-10,complete_dynamic,0,1,8.0,3.0190515518188477,0.0,4.0,4.0,0.4153555631637573,0.332967609167099,0.47162824869155884,high_error,11.075350426253088
multitask,10.0,1,PA2,PA2_Base_6_04_59_PM,31.34543,61,10-15,complete_dynamic,1,0,10.0,3.1277618408203125,1.0,2.0,4.0,0.42202064394950867,0.31064367294311523,0.42606401443481445,high_error,11.075350426253088
multitask,10.0,1,PA2,PA2_Base_6_04_59_PM,31.84558,62,10-15,complete_dynamic,1,0,12.0,3.253338098526001,1.0,0.0,2.0,0.4292171597480774,0.2815760672092438,0.3704158663749695,high_error,11.075350426253088
multitask,10.0,1,PA2,PA2_Base_6_04_59_PM,32.35007,63,10-15,complete_dynamic,0,1,12.0,3.3524093627929688,0.0,0.0,2.0,0.43385156989097595,0.24873606860637665,0.31549328565597534,high_error,11.075350426253088
multitask,10.0,1,PA2,PA2_Base_6_04_59_PM,32.85893,64,10-15,complete_dynamic,0,1,12.0,3.3852407932281494,0.0,0.0,2.0,0.4354328513145447,0.22469769418239594,0.28030240535736084,high_error,11.075350426253088
multitask,10.0,1,PA2,PA2_Base_6_04_59_PM,33.36139,65,10-15,complete_dynamic,0,1,12.0,3.370605230331421,0.0,0.0,2.0,0.43385738134384155,0.20443390309810638,0.2581733167171478,high_error,11.075350426253088
multitask,10.0,1,PA2,PA2_Base_6_04_59_PM,33.87225,66,10-15,complete_dynamic,0,1,12.0,3.3125410079956055,0.0,0.0,2.0,0.43047526478767395,0.19096791744232178,0.24959826469421387,high_error,11.075350426253088
multitask,10.0,1,PA2,PA2_Base_6_04_59_PM,34.38579,67,10-15,complete_dynamic,0,1,12.0,3.2338719367980957,0.0,0.0,2.0,0.4252289831638336,0.17972443997859955,0.2499605417251587,high_error,11.075350426253088
multitask,10.0,1,PA2,PA2_Base_6_04_59_PM,34.88585,68,10-15,complete_dynamic,0,1,12.0,3.154740333557129,0.0,0.0,2.0,0.41910701990127563,0.16572681069374084,0.2506685256958008,high_error,11.075350426253088
multitask,10.0,1,PA2,PA2_Base_6_04_59_PM,35.39904,69,10-15,complete_dynamic,0,1,12.0,3.133024215698242,0.0,0.0,2.0,0.41443198919296265,0.1512395143508911,0.249668151140213,high_error,11.075350426253088
multitask,10.0,1,PA2,PA2_Base_6_04_59_PM,35.89982,70,10-15,complete_dynamic,0,1,12.0,3.1149673461914062,0.0,0.0,2.0,0.40962541103363037,0.13632625341415405,0.24597135186195374,high_error,11.075350426253088
multitask,10.0,1,PA2,PA2_Base_6_04_59_PM,36.40063,71,10-15,complete_dynamic,0,1,12.0,3.217653274536133,0.0,2.0,2.0,0.41021353006362915,0.11895671486854553,0.2249714583158493,high_error,11.075350426253088
multitask,10.0,1,PA2,PA2_Base_6_04_59_PM,36.91272,72,10-15,complete_dynamic,0,1,12.0,3.3004207611083984,0.0,2.0,2.0,0.41015586256980896,0.10754728317260742,0.21466153860092163,high_error,11.075350426253088
multitask,10.0,1,PA2,PA2_Base_6_04_59_PM,37.4133,73,10-15,complete_dynamic,0,1,12.0,3.355762004852295,0.0,2.0,2.0,0.40992745757102966,0.10622009634971619,0.217276930809021,high_error,11.075350426253088
multitask,10.0,1,PA2,PA2_Base_6_04_59_PM,37.91336,74,10-15,complete_dynamic,0,1,12.0,3.4042718410491943,0.0,2.0,2.0,0.41040363907814026,0.10982497036457062,0.2236153781414032,high_error,11.075350426253088
multitask,10.0,1,PA2,PA2_Base_6_04_59_PM,38.41454,75,10-15,complete_dynamic,0,1,12.0,3.4138708114624023,0.0,2.0,2.0,0.4104597270488739,0.1192411333322525,0.23757344484329224,high_error,11.075350426253088
multitask,10.0,1,PA2,PA2_Base_6_04_59_PM,38.92771,76,10-15,complete_dynamic,0,1,12.0,3.3867099285125732,0.0,2.0,2.0,0.4092194736003876,0.1315063089132309,0.25759968161582947,high_error,11.075350426253088
multitask,10.0,1,PA2,PA2_Base_6_04_59_PM,39.42773,77,10-15,complete_dynamic,0,1,12.0,3.360318899154663,0.0,2.0,2.0,0.4078197181224823,0.14534737169742584,0.2789819836616516,high_error,11.075350426253088
multitask,10.0,1,PA2,PA2_Base_6_04_59_PM,39.92775,78,10-15,complete_dynamic,0,1,12.0,3.3638017177581787,0.0,2.0,2.0,0.4079829752445221,0.17916148900985718,0.3034365475177765,high_error,11.075350426253088
multitask,10.0,1,PA2,PA2_Base_6_04_59_PM,40.44183,79,10-15,complete_dynamic,0,1,12.0,3.273739814758301,0.0,2.0,2.0,0.40280401706695557,0.20411016047000885,0.34198200702667236,high_error,11.075350426253088
multitask,10.0,1,PA2,PA2_Base_6_04_59_PM,40.95512,80,10-15,complete_dynamic,0,1,12.0,3.0958645343780518,0.0,2.0,3.0,0.3975582420825958,0.21489332616329193,0.3630680441856384,high_error,11.075350426253088
multitask,10.0,1,PA2,PA2_Base_6_04_59_PM,41.46967,81,10-15,complete_dynamic,1,0,14.0,2.8080756664276123,1.0,0.0,1.0,0.39334985613822937,0.2079075127840042,0.36238354444503784,high_error,11.075350426253088
multitask,10.0,1,PA2,PA2_Base_6_04_59_PM,41.98327,82,10-15,complete_dynamic,0,1,14.0,2.509143352508545,0.0,0.0,1.0,0.38919293880462646,0.19525539875030518,0.3607862591743469,high_error,11.075350426253088
multitask,10.0,1,PA2,PA2_Base_6_04_59_PM,42.48373,83,10-15,complete_dynamic,0,1,14.0,2.2589163780212402,0.0,0.0,1.0,0.3843013048171997,0.18627847731113434,0.36794528365135193,high_error,11.075350426253088
multitask,10.0,1,PA2,PA2_Base_6_04_59_PM,42.98682,84,10-15,complete_dynamic,0,1,14.0,2.1272635459899902,0.0,0.0,1.0,0.3823361098766327,0.17780417203903198,0.3664361238479614,high_error,11.075350426253088
multitask,10.0,1,PA2,PA2_Base_6_04_59_PM,43.49595,85,10-15,complete_dynamic,0,1,14.0,2.15250825881958,0.0,0.0,1.0,0.385311484336853,0.16262561082839966,0.34324491024017334,high_error,11.075350426253088
multitask,10.0,1,PA2,PA2_Base_6_04_59_PM,43.99679,86,10-15,complete_dynamic,0,1,14.0,2.288349151611328,0.0,0.0,1.0,0.392452210187912,0.14021006226539612,0.29942047595977783,high_error,11.075350426253088
multitask,10.0,1,PA2,PA2_Base_6_04_59_PM,44.50965,87,10-15,complete_dynamic,0,1,14.0,2.475248336791992,0.0,0.0,1.0,0.3995727598667145,0.11414150893688202,0.2494148463010788,high_error,11.075350426253088
multitask,10.0,1,PA2,PA2_Base_6_04_59_PM,45.02476,88,10-15,complete_dynamic,0,1,14.0,2.626091957092285,0.0,0.0,1.0,0.4045775234699249,0.09372241795063019,0.20957183837890625,high_error,11.075350426253088
multitask,10.0,1,PA2,PA2_Base_6_04_59_PM,45.53814,89,10-15,complete_dynamic,0,1,14.0,2.672708511352539,0.0,0.0,1.0,0.4053395688533783,0.08606426417827606,0.19591766595840454,high_error,11.075350426253088
multitask,10.0,1,PA2,PA2_Base_6_04_59_PM,46.03821,90,10-15,complete_dynamic,0,1,14.0,2.7980659008026123,0.0,1.0,1.0,0.40746423602104187,0.06393519043922424,0.17594599723815918,high_error,11.075350426253088
multitask,10.0,1,PA2,PA2_Base_6_04_59_PM,46.55196,91,10-15,complete_dynamic,0,1,14.0,2.8749887943267822,0.0,1.0,1.0,0.4062877297401428,0.06655174493789673,0.1839759349822998,high_error,11.075350426253088
multitask,10.0,1,PA2,PA2_Base_6_04_59_PM,47.06597,92,10-15,complete_dynamic,0,1,14.0,3.0376110076904297,0.0,1.0,1.0,0.4077529311180115,0.06578648090362549,0.18011611700057983,high_error,11.075350426253088
multitask,10.0,1,PA2,PA2_Base_6_04_59_PM,47.57994,93,10-15,complete_dynamic,0,1,14.0,3.1303341388702393,0.0,1.0,1.0,0.4064207375049591,0.07429763674736023,0.1924574077129364,high_error,11.075350426253088
multitask,10.0,1,PA2,PA2_Base_6_04_59_PM,48.08013,94,10-15,complete_dynamic,0,1,14.0,3.1626009941101074,0.0,1.0,1.0,0.4043828248977661,0.08041465282440186,0.20312845706939697,high_error,11.075350426253088
multitask,10.0,1,PA2,PA2_Base_6_04_59_PM,48.5941,95,10-15,complete_dynamic,0,1,14.0,3.1297059059143066,0.0,1.0,1.0,0.40071195363998413,0.08837701380252838,0.2204950898885727,high_error,11.075350426253088
multitask,10.0,1,PA2,PA2_Base_6_04_59_PM,49.10749,96,10-15,complete_dynamic,0,1,14.0,3.026198387145996,0.0,1.0,1.0,0.3953742980957031,0.10223115980625153,0.25095731019973755,high_error,11.075350426253088
multitask,10.0,1,PA2,PA2_Base_6_04_59_PM,49.60785,97,10-15,complete_dynamic,0,1,14.0,2.91225528717041,0.0,1.0,1.0,0.3895876705646515,0.11806431412696838,0.2840954065322876,high_error,11.075350426253088
multitask,10.0,1,PA2,PA2_Base_6_04_59_PM,50.12088,98,10-15,complete_dynamic,0,1,14.0,2.897416591644287,0.0,1.0,1.0,0.38809993863105774,0.1337754875421524,0.30648568272590637,high_error,11.075350426253088
multitask,10.0,1,PA2,PA2_Base_6_04_59_PM,50.63625,99,10-15,complete_dynamic,0,1,14.0,2.875349283218384,0.0,1.0,1.0,0.3863268196582794,0.15532389283180237,0.3381730318069458,high_error,11.075350426253088
multitask,10.0,1,PA2,PA2_Base_6_04_59_PM,51.15834,100,15-20,complete_dynamic,1,0,15.0,2.836425542831421,1.0,0.0,0.0,0.3838227093219757,0.1788979172706604,0.3747943639755249,high_error,11.075350426253088
multitask,10.0,1,PA2,PA2_Base_6_04_59_PM,51.66321,101,15-20,complete_dynamic,0,1,15.0,2.8202614784240723,0.0,0.0,0.0,0.3822730779647827,0.19618739187717438,0.4013616144657135,high_error,11.075350426253088
multitask,10.0,1,PA2,PA2_Base_6_04_59_PM,52.16863,102,15-20,complete_dynamic,0,1,15.0,2.844332695007324,0.0,0.0,0.0,0.3828648626804352,0.20731531083583832,0.41452494263648987,high_error,11.075350426253088
multitask,10.0,1,PA2,PA2_Base_6_04_59_PM,52.6773,103,15-20,complete_dynamic,0,1,15.0,2.9159414768218994,0.0,0.0,0.0,0.3860199749469757,0.20509235560894012,0.4070918560028076,high_error,11.075350426253088
multitask,10.0,1,PA2,PA2_Base_6_04_59_PM,53.19001,104,15-20,complete_dynamic,0,1,15.0,2.964812994003296,0.0,0.0,0.0,0.3874433934688568,0.20524005591869354,0.4050196409225464,high_error,11.075350426253088
multitask,10.0,1,PA2,PA2_Base_6_04_59_PM,53.69025,105,15-20,complete_dynamic,0,1,15.0,3.005722999572754,0.0,0.0,0.0,0.3884182274341583,0.20591138303279877,0.4034930467605591,high_error,11.075350426253088
multitask,10.0,1,PA2,PA2_Base_6_04_59_PM,54.19042,106,15-20,complete_dynamic,0,1,15.0,2.9847450256347656,0.0,0.0,1.0,0.3871956169605255,0.21595145761966705,0.4169006049633026,high_error,11.075350426253088
multitask,10.0,1,PA2,PA2_Base_6_04_59_PM,54.69086,107,15-20,complete_dynamic,0,1,15.0,2.966456174850464,0.0,0.0,1.0,0.38591891527175903,0.22752045094966888,0.4316491484642029,high_error,11.075350426253088
multitask,10.0,1,PA2,PA2_Base_6_04_59_PM,55.20824,108,15-20,complete_dynamic,0,1,15.0,2.989661693572998,0.0,0.0,1.0,0.38669881224632263,0.2371852844953537,0.4377841353416443,high_error,11.075350426253088
multitask,10.0,1,PA2,PA2_Base_6_04_59_PM,55.71914,109,15-20,complete_dynamic,0,1,15.0,2.989884853363037,0.0,0.0,1.0,0.3864864408969879,0.24789126217365265,0.4477649927139282,high_error,11.075350426253088
multitask,10.0,1,PA2,PA2_Base_6_04_59_PM,56.21931,110,15-20,complete_dynamic,0,1,15.0,3.0224075317382812,0.0,0.0,1.0,0.3876614570617676,0.26027849316596985,0.454620897769928,high_error,11.075350426253088
multitask,10.0,1,PA2,PA2_Base_6_04_59_PM,56.73218,111,15-20,complete_dynamic,0,1,15.0,3.091794967651367,0.0,0.0,1.0,0.3908179998397827,0.26774635910987854,0.45235562324523926,high_error,11.075350426253088
multitask,10.0,1,PA2,PA2_Base_6_04_59_PM,57.24617,112,15-20,complete_dynamic,0,1,15.0,3.1085562705993652,0.0,0.0,1.0,0.3927832245826721,0.27382752299308777,0.45179668068885803,high_error,11.075350426253088
multitask,10.0,1,PA2,PA2_Base_6_04_59_PM,57.74963,113,15-20,complete_dynamic,0,1,15.0,3.1422905921936035,0.0,0.0,1.0,0.39669936895370483,0.2763655483722687,0.4448173940181732,high_error,11.075350426253088
multitask,10.0,1,PA2,PA2_Base_6_04_59_PM,58.26047,114,15-20,complete_dynamic,0,1,15.0,3.237074851989746,0.0,0.0,1.0,0.40453457832336426,0.27882352471351624,0.4272769093513489,high_error,11.075350426253088
multitask,10.0,1,PA2,PA2_Base_6_04_59_PM,58.77411,115,15-20,complete_dynamic,0,1,15.0,3.345587730407715,0.0,0.0,1.0,0.41387903690338135,0.2909197509288788,0.4166267514228821,high_error,11.075350426253088
multitask,10.0,1,PA2,PA2_Base_6_04_59_PM,59.27472,116,15-20,complete_dynamic,0,1,15.0,3.427485466003418,0.0,1.0,1.0,0.42189833521842957,0.29943057894706726,0.4050706624984741,high_error,11.075350426253088
multitask,10.0,1,PA2,PA2_Base_6_04_59_PM,59.77525,117,15-20,complete_dynamic,0,1,15.0,3.448777198791504,0.0,1.0,1.0,0.42591220140457153,0.3025156557559967,0.3990292549133301,high_error,11.075350426253088
multitask,10.0,1,PA2,PA2_Base_6_04_59_PM,60.28861,118,15-20,complete_dynamic,0,1,15.0,3.44106388092041,0.0,1.0,1.0,0.4230632483959198,0.28925973176956177,0.3985481560230255,high_error,11.075350426253088
multitask,10.0,1,PA2,PA2_Base_6_04_59_PM,60.80321,119,15-20,complete_dynamic,0,1,15.0,3.4295387268066406,0.0,1.0,1.0,0.42256003618240356,0.28303489089012146,0.39452317357063293,high_error,11.075350426253088
multitask,10.0,1,PA2,PA2_Base_6_04_59_PM,61.31591,120,15-20,complete_dynamic,0,1,15.0,3.443621873855591,0.0,1.0,1.0,0.4217603802680969,0.2723098695278168,0.386085569858551,high_error,11.075350426253088
multitask,10.0,1,PA2,PA2_Base_6_04_59_PM,61.82868,121,15-20,complete_dynamic,0,1,15.0,3.4792299270629883,0.0,1.0,1.0,0.42170655727386475,0.26505333185195923,0.378897488117218,high_error,11.075350426253088
multitask,10.0,1,PA2,PA2_Base_6_04_59_PM,62.32957,122,15-20,complete_dynamic,0,1,15.0,3.5480847358703613,0.0,1.0,1.0,0.42311444878578186,0.25489985942840576,0.3627571165561676,high_error,11.075350426253088
multitask,10.0,1,PA2,PA2_Base_6_04_59_PM,62.82989,123,15-20,complete_dynamic,0,1,15.0,3.60735821723938,0.0,1.0,1.0,0.4235202372074127,0.24238862097263336,0.34661227464675903,high_error,11.075350426253088
multitask,10.0,1,PA2,PA2_Base_6_04_59_PM,63.34298,124,15-20,complete_dynamic,0,1,15.0,3.6144704818725586,0.0,1.0,1.0,0.423850953578949,0.2447192519903183,0.34639281034469604,high_error,11.075350426253088
multitask,10.0,1,PA2,PA2_Base_6_04_59_PM,63.84317,125,15-20,complete_dynamic,0,1,15.0,3.6015608310699463,0.0,1.0,1.0,0.424558162689209,0.2521669566631317,0.35143667459487915,high_error,11.075350426253088
multitask,10.0,1,PA2,PA2_Base_6_04_59_PM,64.35703,126,15-20,complete_dynamic,1,0,16.0,3.576969861984253,1.0,0.0,0.0,0.4255002439022064,0.2639603316783905,0.3610851466655731,high_error,11.075350426253088
multitask,10.0,1,PA2,PA2_Base_6_04_59_PM,64.87346,127,15-20,complete_dynamic,0,1,16.0,3.5419020652770996,0.0,0.0,0.0,0.4256056845188141,0.2713969647884369,0.3687829375267029,high_error,11.075350426253088
multitask,10.0,1,PA2,PA2_Base_6_04_59_PM,65.38641,128,15-20,complete_dynamic,0,1,16.0,3.51025390625,0.0,0.0,0.0,0.42607587575912476,0.2747075855731964,0.3715915083885193,high_error,11.075350426253088
multitask,10.0,1,PA2,PA2_Base_6_04_59_PM,65.89886,129,15-20,complete_dynamic,0,1,16.0,3.4964048862457275,0.0,0.0,0.0,0.42656999826431274,0.2656495273113251,0.36106497049331665,high_error,11.075350426253088
multitask,10.0,1,PA2,PA2_Base_6_04_59_PM,66.4116,130,15-20,complete_dynamic,0,1,16.0,3.49876070022583,0.0,0.0,0.0,0.42698922753334045,0.24481098353862762,0.3382454812526703,high_error,11.075350426253088
multitask,10.0,1,PA2,PA2_Base_6_04_59_PM,66.92622,131,15-20,complete_dynamic,0,1,16.0,3.8927910327911377,0.0,0.0,0.0,0.4606657922267914,0.27113962173461914,0.27790209650993347,high_error,11.075350426253088
multitask,10.0,1,PA2,PA2_Base_6_04_59_PM,67.42632,132,15-20,complete_dynamic,0,1,16.0,4.5869011878967285,0.0,0.0,0.0,0.5014124512672424,0.2504916787147522,0.1757817417383194,high_error,11.075350426253088
multitask,10.0,1,PA2,PA2_Base_6_04_59_PM,67.9267,133,15-20,complete_dynamic,0,1,16.0,4.673089981079102,0.0,0.0,0.0,0.4951316714286804,0.20957939326763153,0.14230534434318542,high_error,11.075350426253088
multitask,10.0,1,PA2,PA2_Base_6_04_59_PM,68.44379,134,15-20,complete_dynamic,0,1,16.0,4.480597496032715,0.0,0.0,0.0,0.47853508591651917,0.18840046226978302,0.15664848685264587,high_error,11.075350426253088
multitask,10.0,1,PA2,PA2_Base_6_04_59_PM,68.95467,135,15-20,complete_dynamic,0,1,16.0,4.308746337890625,0.0,0.0,0.0,0.4640280306339264,0.1734190732240677,0.17689935863018036,high_error,11.075350426253088
multitask,10.0,1,PA2,PA2_Base_6_04_59_PM,69.45541,136,15-20,complete_dynamic,0,1,16.0,4.339798450469971,0.0,0.0,0.0,0.4568512737751007,0.1527806669473648,0.17643144726753235,high_error,11.075350426253088
multitask,10.0,1,PA2,PA2_Base_6_04_59_PM,69.968,137,15-20,complete_dynamic,0,1,16.0,4.920114040374756,0.0,0.0,0.0,0.47126227617263794,0.12605513632297516,0.12659768760204315,high_error,11.075350426253088
multitask,10.0,1,PA2,PA2_Base_6_04_59_PM,70.46808,138,15-20,complete_dynamic,0,1,16.0,5.271713733673096,0.0,0.0,0.0,0.4802530109882355,0.11892841756343842,0.1338002234697342,high_error,11.075350426253088
multitask,10.0,1,PA2,PA2_Base_6_04_59_PM,70.96964,139,15-20,complete_dynamic,0,1,16.0,5.266228199005127,0.0,0.0,0.0,0.48650166392326355,0.13414642214775085,0.11506664752960205,high_error,11.075350426253088
multitask,10.0,1,PA2,PA2_Base_6_04_59_PM,71.48126,140,15-20,complete_dynamic,0,1,16.0,5.144153594970703,0.0,0.0,0.0,0.47984060645103455,0.1400836855173111,0.12233684957027435,high_error,11.075350426253088
multitask,10.0,1,PA2,PA2_Base_6_04_59_PM,71.98129,141,15-20,complete_dynamic,0,1,16.0,4.951589584350586,0.0,0.0,0.0,0.47018963098526,0.1496969312429428,0.15599825978279114,high_error,11.075350426253088
multitask,10.0,1,PA2,PA2_Base_6_04_59_PM,72.48151,142,15-20,complete_dynamic,0,1,16.0,4.765615940093994,0.0,0.0,0.0,0.4607034921646118,0.16263778507709503,0.1951141506433487,high_error,11.075350426253088
multitask,10.0,1,PA2,PA2_Base_6_04_59_PM,72.98197,143,15-20,complete_dynamic,0,1,16.0,4.583091735839844,0.0,0.0,0.0,0.4519325792789459,0.17771144211292267,0.23595978319644928,high_error,11.075350426253088
multitask,10.0,1,PA2,PA2_Base_6_04_59_PM,73.49548,144,15-20,complete_dynamic,0,1,16.0,4.409306526184082,0.0,0.0,0.0,0.4443037807941437,0.18764729797840118,0.2682030498981476,high_error,11.075350426253088
multitask,10.0,1,PA2,PA2_Base_6_04_59_PM,73.99592,145,15-20,complete_dynamic,0,1,16.0,4.265447616577148,0.0,0.0,0.0,0.43908658623695374,0.18992894887924194,0.2855203151702881,high_error,11.075350426253088
multitask,10.0,1,PA2,PA2_Base_6_04_59_PM,74.51192,146,15-20,complete_dynamic,0,1,16.0,4.084484100341797,0.0,0.0,1.0,0.4329715967178345,0.1911400705575943,0.30594608187675476,high_error,11.075350426253088
multitask,10.0,1,PA2,PA2_Base_6_04_59_PM,75.02357,147,15-20,complete_dynamic,0,1,16.0,3.94096302986145,0.0,0.0,1.0,0.4298412501811981,0.18994437158107758,0.3224168121814728,high_error,11.075350426253088
multitask,10.0,1,PA2,PA2_Base_6_04_59_PM,75.53694,148,15-20,complete_dynamic,0,1,16.0,3.8151423931121826,0.0,0.0,1.0,0.4272041916847229,0.19258667528629303,0.34474655985832214,high_error,11.075350426253088
multitask,10.0,1,PA2,PA2_Base_6_04_59_PM,76.03744,149,15-20,complete_dynamic,0,1,16.0,3.8008742332458496,0.0,0.0,1.0,0.4269860088825226,0.18661385774612427,0.348896861076355,high_error,11.075350426253088
multitask,10.0,1,PA2,PA2_Base_6_04_59_PM,76.55056,150,15-20,complete_dynamic,0,1,16.0,3.772677421569824,0.0,0.0,1.0,0.42547041177749634,0.1788187026977539,0.350300669670105,high_error,11.075350426253088
multitask,10.0,1,PA2,PA2_Base_6_04_59_PM,77.05132,151,15-20,complete_dynamic,0,1,16.0,3.3280906677246094,0.0,0.0,1.0,0.4123210906982422,0.16392569243907928,0.3622979521751404,high_error,11.075350426253088
multitask,10.0,1,PA2,PA2_Base_6_04_59_PM,77.56536,152,15-20,complete_dynamic,0,1,16.0,2.3251190185546875,0.0,0.0,1.0,0.3805754780769348,0.17255982756614685,0.4299447238445282,high_error,11.075350426253088
multitask,10.0,1,PA2,PA2_Base_6_04_59_PM,78.08002,153,15-20,complete_dynamic,0,1,16.0,2.513148307800293,0.0,0.0,1.0,0.38361087441444397,0.17672331631183624,0.4251998960971832,high_error,11.075350426253088
multitask,10.0,1,PA2,PA2_Base_6_04_59_PM,78.5928,154,15-20,complete_dynamic,0,1,16.0,2.833170175552368,0.0,0.0,1.0,0.39013102650642395,0.19205395877361298,0.42920181155204773,high_error,11.075350426253088
multitask,10.0,1,PA2,PA2_Base_6_04_59_PM,79.0958,155,15-20,complete_dynamic,0,1,16.0,3.051685333251953,0.0,0.0,1.0,0.39595964550971985,0.20484398305416107,0.4318022131919861,high_error,11.075350426253088
multitask,10.0,1,PA2,PA2_Base_6_04_59_PM,79.60656,156,15-20,complete_dynamic,0,1,16.0,3.212904214859009,0.0,1.0,1.0,0.39526858925819397,0.22376497089862823,0.4768903851509094,high_error,11.075350426253088
multitask,10.0,1,PA2,PA2_Base_6_04_59_PM,80.10918,157,15-20,complete_dynamic,0,1,16.0,2.7559447288513184,0.0,1.0,1.0,0.3765527307987213,0.2531598210334778,0.5373736619949341,high_error,11.075350426253088
multitask,10.0,1,PA2,PA2_Base_6_04_59_PM,80.61015,158,15-20,complete_dynamic,0,1,16.0,2.5761451721191406,0.0,1.0,1.0,0.36760643124580383,0.28507310152053833,0.5862107872962952,high_error,11.075350426253088
multitask,10.0,1,PA2,PA2_Base_6_04_59_PM,81.1194,159,15-20,complete_dynamic,0,1,16.0,2.3998680114746094,0.0,1.0,1.0,0.3593544065952301,0.29819658398628235,0.6183983683586121,high_error,11.075350426253088
multitask,10.0,1,PA2,PA2_Base_6_04_59_PM,81.62022,160,15-20,complete_dynamic,0,1,16.0,2.238130569458008,0.0,1.0,1.0,0.3527970612049103,0.308094322681427,0.6400461792945862,high_error,11.075350426253088
multitask,10.0,1,PA2,PA2_Base_6_04_59_PM,82.12032,161,15-20,complete_dynamic,0,1,16.0,2.126985549926758,0.0,1.0,1.0,0.3486032783985138,0.30994540452957153,0.6451928019523621,high_error,11.075350426253088
multitask,10.0,1,PA2,PA2_Base_6_04_59_PM,82.62055,162,15-20,complete_dynamic,0,1,16.0,2.0376782417297363,0.0,1.0,1.0,0.3461320996284485,0.3060493767261505,0.6387935280799866,high_error,11.075350426253088
multitask,10.0,1,PA2,PA2_Base_6_04_59_PM,83.13409,163,15-20,complete_dynamic,0,1,16.0,1.953676462173462,0.0,1.0,1.0,0.34486547112464905,0.30567699670791626,0.6370744109153748,high_error,11.075350426253088
multitask,10.0,1,PA2,PA2_Base_6_04_59_PM,83.63426,164,15-20,complete_dynamic,0,1,16.0,1.9188992977142334,0.0,1.0,1.0,0.3459395468235016,0.30409201979637146,0.6310705542564392,high_error,11.075350426253088
multitask,10.0,1,PA2,PA2_Base_6_04_59_PM,84.13468,165,15-20,complete_dynamic,0,1,16.0,1.902775526046753,0.0,1.0,1.0,0.34761857986450195,0.30722421407699585,0.6292732357978821,high_error,11.075350426253088
multitask,10.0,1,PA2,PA2_Base_6_04_59_PM,84.63524,166,15-20,complete_dynamic,1,0,17.0,1.8870625495910645,1.0,0.0,0.0,0.3488176167011261,0.3105197250843048,0.6297810077667236,high_error,11.075350426253088
multitask,10.0,1,PA2,PA2_Base_6_04_59_PM,85.13532,167,15-20,complete_dynamic,0,1,17.0,1.9591257572174072,0.0,0.0,0.0,0.35281699895858765,0.3198173940181732,0.6204055547714233,high_error,11.075350426253088
multitask,10.0,1,PA2,PA2_Base_6_04_59_PM,85.64822,168,15-20,complete_dynamic,0,1,17.0,1.9685618877410889,0.0,0.0,0.0,0.3531922996044159,0.3247166574001312,0.623055636882782,high_error,11.075350426253088
multitask,10.0,1,PA2,PA2_Base_6_04_59_PM,86.1619,169,15-20,complete_dynamic,0,1,17.0,2.0125954151153564,0.0,0.0,0.0,0.3543762266635895,0.3258465528488159,0.6204818487167358,high_error,11.075350426253088
multitask,10.0,1,PA2,PA2_Base_6_04_59_PM,86.66192,170,15-20,complete_dynamic,0,1,17.0,2.0320427417755127,0.0,0.0,1.0,0.35225293040275574,0.32334885001182556,0.6241967082023621,high_error,11.075350426253088
multitask,10.0,1,PA2,PA2_Base_6_04_59_PM,87.17616,171,15-20,complete_dynamic,0,1,17.0,2.083625555038452,0.0,0.0,1.0,0.3511340916156769,0.31623271107673645,0.6196479797363281,high_error,11.075350426253088
multitask,10.0,1,PA2,PA2_Base_6_04_59_PM,87.679,172,15-20,complete_dynamic,0,1,17.0,2.0660505294799805,0.0,0.0,1.0,0.347363144159317,0.33274781703948975,0.6524382829666138,high_error,11.075350426253088
multitask,10.0,1,PA2,PA2_Base_6_04_59_PM,88.18967,173,15-20,complete_dynamic,0,1,17.0,2.0203120708465576,0.0,0.0,1.0,0.34466537833213806,0.338666707277298,0.6677792072296143,high_error,11.075350426253088
multitask,10.0,1,PA2,PA2_Base_6_04_59_PM,88.69025,174,15-20,complete_dynamic,0,1,17.0,2.0108468532562256,0.0,0.0,1.0,0.34467074275016785,0.3374103605747223,0.6660020351409912,high_error,11.075350426253088
multitask,10.0,1,PA2,PA2_Base_6_04_59_PM,89.2045,175,15-20,complete_dynamic,0,1,17.0,2.0739219188690186,0.0,0.0,1.0,0.347057968378067,0.33348020911216736,0.6557801365852356,high_error,11.075350426253088
multitask,10.0,1,PA2,PA2_Base_6_04_59_PM,89.7175,176,15-20,complete_dynamic,0,1,17.0,2.037860631942749,0.0,0.0,1.0,0.34506136178970337,0.3441835939884186,0.6737437844276428,high_error,11.075350426253088
multitask,10.0,1,PA2,PA2_Base_6_04_59_PM,90.23087,177,15-20,complete_dynamic,0,1,17.0,1.9852263927459717,0.0,0.0,1.0,0.3425968289375305,0.34703078866004944,0.6858662962913513,high_error,11.075350426253088
multitask,10.0,1,PA2,PA2_Base_6_04_59_PM,90.74508,178,15-20,complete_dynamic,0,1,17.0,1.9908447265625,0.0,0.0,1.0,0.34281468391418457,0.34764373302459717,0.6869224905967712,high_error,11.075350426253088
multitask,10.0,1,PA2,PA2_Base_6_04_59_PM,91.26285,179,15-20,complete_dynamic,0,1,17.0,1.9894859790802002,0.0,0.0,1.0,0.3433561623096466,0.34825968742370605,0.6861361265182495,high_error,11.075350426253088
multitask,10.0,1,PA2,PA2_Base_6_04_59_PM,91.77405,180,15-20,complete_dynamic,0,1,17.0,2.010955333709717,0.0,1.0,1.0,0.34528103470802307,0.3457731306552887,0.6782457232475281,high_error,11.075350426253088
multitask,10.0,1,PA2,PA2_Base_6_04_59_PM,92.28604,181,15-20,complete_dynamic,0,1,17.0,2.0294766426086426,0.0,1.0,1.0,0.347655713558197,0.3434842824935913,0.6677461862564087,high_error,11.075350426253088
multitask,10.0,1,PA2,PA2_Base_6_04_59_PM,92.78615,182,15-20,complete_dynamic,0,1,17.0,2.0442006587982178,0.0,1.0,1.0,0.3497163653373718,0.33972981572151184,0.6574597358703613,high_error,11.075350426253088
multitask,10.0,1,PA2,PA2_Base_6_04_59_PM,93.29977,183,15-20,complete_dynamic,0,1,17.0,2.0563747882843018,0.0,1.0,1.0,0.3507254719734192,0.32867470383644104,0.6424767374992371,high_error,11.075350426253088
multitask,10.0,1,PA2,PA2_Base_6_04_59_PM,93.8132,184,15-20,complete_dynamic,0,1,17.0,2.0724737644195557,0.0,1.0,1.0,0.35142770409584045,0.30862176418304443,0.6180288791656494,high_error,11.075350426253088
multitask,10.0,1,PA2,PA2_Base_6_04_59_PM,94.31397,185,15-20,complete_dynamic,0,1,17.0,2.032052516937256,0.0,1.0,1.0,0.3506840467453003,0.2718006670475006,0.578409731388092,high_error,11.075350426253088
multitask,10.0,1,PA2,PA2_Base_6_04_59_PM,94.81426,186,15-20,complete_dynamic,0,1,17.0,1.912419080734253,0.0,1.0,1.0,0.3387086093425751,0.3041212856769562,0.6894747018814087,high_error,11.075350426253088
multitask,10.0,1,PA2,PA2_Base_6_04_59_PM,95.31437,187,15-20,complete_dynamic,0,1,17.0,1.9389653205871582,0.0,1.0,1.0,0.3365355432033539,0.4067924916744232,0.8109193444252014,high_error,11.075350426253088
multitask,10.0,1,PA2,PA2_Base_6_04_59_PM,95.81553,188,15-20,complete_dynamic,0,1,17.0,2.098119020462036,0.0,1.0,1.0,0.34859052300453186,0.40398553013801575,0.7970442175865173,high_error,11.075350426253088
multitask,10.0,1,PA2,PA2_Base_6_04_59_PM,96.32803,189,15-20,complete_dynamic,0,1,17.0,2.9991283416748047,0.0,1.0,1.0,0.48156875371932983,0.7414160966873169,1.085545301437378,high_error,11.075350426253088
multitask,10.0,1,PA2,PA2_Base_6_04_59_PM,96.84251,190,15-20,complete_dynamic,1,0,18.0,3.0634520053863525,1.0,0.0,0.0,0.5102235078811646,0.8161724209785461,1.236785650253296,high_error,11.075350426253088
multitask,10.0,1,PA2,PA2_Base_6_04_59_PM,97.34447,191,15-20,complete_dynamic,0,1,18.0,3.6282825469970703,0.0,0.0,0.0,0.5585259199142456,0.8128908276557922,1.1912155151367188,high_error,11.075350426253088
multitask,10.0,1,PA2,PA2_Base_6_04_59_PM,97.85547,192,15-20,complete_dynamic,0,1,18.0,3.798935651779175,0.0,0.0,0.0,0.5727190375328064,0.6964382529258728,1.1377243995666504,high_error,11.075350426253088
multitask,10.0,1,PA2,PA2_Base_6_04_59_PM,98.35745,193,15-20,complete_dynamic,0,1,18.0,3.7397730350494385,0.0,0.0,0.0,0.5555158853530884,0.6420679688453674,1.1318399906158447,high_error,11.075350426253088
multitask,10.0,1,PA2,PA2_Base_6_04_59_PM,98.86882,194,15-20,complete_dynamic,0,1,18.0,4.04180908203125,0.0,0.0,0.0,0.5201922655105591,0.5839225053787231,1.1391332149505615,high_error,11.075350426253088
multitask,10.0,1,PA2,PA2_Base_6_04_59_PM,99.36901,195,15-20,complete_dynamic,0,1,18.0,4.258788585662842,0.0,0.0,0.0,0.4956037998199463,0.5258576273918152,1.1287386417388916,high_error,11.075350426253088
multitask,10.0,1,PA2,PA2_Base_6_04_59_PM,99.88402,196,15-20,complete_dynamic,0,1,18.0,4.028834342956543,0.0,0.0,0.0,0.5050234794616699,0.434754341840744,0.9676045179367065,high_error,11.075350426253088
multitask,10.0,1,PA2,PA2_Base_6_04_59_PM,100.3977,197,15-20,complete_dynamic,0,1,18.0,4.311881065368652,0.0,0.0,0.0,0.597746729850769,0.41683003306388855,0.9914277195930481,high_error,11.075350426253088
multitask,10.0,1,PA2,PA2_Base_6_04_59_PM,100.9108,198,15-20,complete_dynamic,0,1,18.0,4.878296852111816,0.0,0.0,0.0,0.6185024380683899,0.49421462416648865,0.9357708096504211,high_error,11.075350426253088
multitask,10.0,1,PA2,PA2_Base_6_04_59_PM,101.4144,199,15-20,complete_dynamic,0,1,18.0,4.970191955566406,0.0,0.0,0.0,0.5833250880241394,0.4979587495326996,0.9162185788154602,high_error,11.075350426253088
multitask,10.0,1,PA2,PA2_Base_6_04_59_PM,101.9253,200,15-20,complete_dynamic,0,1,18.0,5.146279811859131,0.0,0.0,0.0,0.5737996697425842,0.44596466422080994,0.9010032415390015,high_error,11.075350426253088
multitask,10.0,1,PA2,PA2_Base_6_04_59_PM,102.4256,201,15-20,complete_dynamic,0,1,18.0,5.245136260986328,0.0,0.0,0.0,0.5463530421257019,0.4097745716571808,0.9303402900695801,high_error,11.075350426253088
multitask,10.0,1,PA2,PA2_Base_6_04_59_PM,102.9439,202,15-20,complete_dynamic,0,1,18.0,5.266023635864258,0.0,0.0,0.0,0.5268983244895935,0.42763856053352356,0.988251805305481,high_error,11.075350426253088
multitask,10.0,1,PA2,PA2_Base_6_04_59_PM,103.4528,203,15-20,complete_dynamic,0,1,18.0,5.252760887145996,0.0,0.0,0.0,0.5217176675796509,0.436401903629303,1.0032153129577637,high_error,11.075350426253088
multitask,10.0,1,PA2,PA2_Base_6_04_59_PM,103.953,204,15-20,complete_dynamic,0,1,18.0,5.045413017272949,0.0,0.0,0.0,0.49269840121269226,0.3780601918697357,0.8388194441795349,high_error,11.075350426253088
multitask,10.0,1,PA2,PA2_Base_6_04_59_PM,104.4673,205,15-20,complete_dynamic,0,1,18.0,5.222258567810059,0.0,0.0,0.0,0.5003265142440796,0.32539695501327515,0.855861246585846,high_error,11.075350426253088
multitask,10.0,1,PA2,PA2_Base_6_04_59_PM,104.9851,206,15-20,complete_dynamic,0,1,18.0,5.401238918304443,0.0,0.0,0.0,0.5292045474052429,0.4353202283382416,0.9027352929115295,high_error,11.075350426253088
multitask,10.0,1,PA2,PA2_Base_6_04_59_PM,105.4949,207,15-20,complete_dynamic,0,1,18.0,5.150382995605469,0.0,0.0,0.0,0.5691689252853394,0.7172306776046753,1.0204741954803467,high_error,11.075350426253088
multitask,10.0,1,PA2,PA2_Base_6_04_59_PM,106.008,208,15-20,complete_dynamic,0,1,18.0,5.209975719451904,0.0,0.0,0.0,0.5641599893569946,0.6226550340652466,1.0252083539962769,high_error,11.075350426253088
multitask,10.0,1,PA2,PA2_Base_6_04_59_PM,106.5218,209,15-20,complete_dynamic,0,1,18.0,5.321231842041016,0.0,0.0,0.0,0.5567196607589722,0.5739232301712036,0.953567385673523,high_error,11.075350426253088
multitask,10.0,1,PA2,PA2_Base_6_04_59_PM,107.0221,210,15-20,complete_dynamic,0,1,18.0,5.568792343139648,0.0,0.0,0.0,0.5240648984909058,0.47309187054634094,0.8095687627792358,high_error,11.075350426253088
multitask,10.0,1,PA2,PA2_Base_6_04_59_PM,107.5238,211,15-20,complete_dynamic,0,1,18.0,5.487192153930664,0.0,0.0,0.0,0.5215139985084534,0.4417438209056854,0.8379618525505066,high_error,11.075350426253088
multitask,10.0,1,PA2,PA2_Base_6_04_59_PM,108.0352,212,15-20,complete_dynamic,0,1,18.0,5.595308303833008,0.0,0.0,0.0,0.5076354146003723,0.4720975458621979,0.9044455885887146,high_error,11.075350426253088
multitask,10.0,1,PA2,PA2_Base_6_04_59_PM,108.5357,213,15-20,complete_dynamic,0,1,18.0,5.660719871520996,0.0,0.0,1.0,0.4845021367073059,0.5016441345214844,0.9390424489974976,high_error,11.075350426253088
multitask,10.0,1,PA2,PA2_Base_6_04_59_PM,109.0485,214,15-20,complete_dynamic,0,1,18.0,5.481042861938477,0.0,0.0,1.0,0.4821024537086487,0.4910877048969269,0.9461744427680969,high_error,11.075350426253088
multitask,10.0,1,PA2,PA2_Base_6_04_59_PM,109.5487,215,15-20,complete_dynamic,0,1,18.0,5.470860481262207,0.0,0.0,1.0,0.46292829513549805,0.4281531572341919,0.9072453379631042,high_error,11.075350426253088
multitask,10.0,1,PA2,PA2_Base_6_04_59_PM,110.0632,216,15-20,complete_dynamic,0,1,18.0,5.487802505493164,0.0,0.0,1.0,0.4433475732803345,0.39278578758239746,0.8861220479011536,high_error,11.075350426253088
multitask,10.0,1,PA2,PA2_Base_6_04_59_PM,110.5642,217,15-20,complete_dynamic,0,1,18.0,5.725131034851074,0.0,0.0,1.0,0.45742493867874146,0.415922075510025,0.8986597657203674,high_error,11.075350426253088
multitask,10.0,1,PA2,PA2_Base_6_04_59_PM,111.0776,218,15-20,complete_dynamic,0,1,18.0,5.8682122230529785,0.0,0.0,2.0,0.4758144021034241,0.5053502321243286,0.9575334191322327,high_error,11.075350426253088
multitask,10.0,1,PA2,PA2_Base_6_04_59_PM,111.579,219,15-20,complete_dynamic,0,1,18.0,5.864159107208252,0.0,0.0,2.0,0.47421032190322876,0.46430614590644836,0.9432023167610168,high_error,11.075350426253088
multitask,10.0,1,PA2,PA2_Base_6_04_59_PM,112.0909,220,15-20,complete_dynamic,0,1,18.0,5.591119766235352,0.0,0.0,2.0,0.45184630155563354,0.3777577579021454,0.9272453188896179,high_error,11.075350426253088
multitask,10.0,1,PA2,PA2_Base_6_04_59_PM,112.6056,221,15-20,complete_dynamic,0,1,18.0,5.587191581726074,0.0,0.0,2.0,0.48281970620155334,0.36142998933792114,0.9079027771949768,high_error,11.075350426253088
multitask,10.0,1,PA2,PA2_Base_6_04_59_PM,113.1202,222,15-20,complete_dynamic,0,1,18.0,5.58927059173584,0.0,0.0,2.0,0.5175523161888123,0.46239718794822693,0.8863316178321838,high_error,11.075350426253088
multitask,10.0,1,PA2,PA2_Base_6_04_59_PM,113.632,223,15-20,complete_dynamic,0,1,18.0,5.824516296386719,0.0,1.0,2.0,0.5129128694534302,0.4533063471317291,0.7842463254928589,high_error,11.075350426253088
multitask,10.0,1,PA2,PA2_Base_6_04_59_PM,114.1378,224,15-20,complete_dynamic,0,1,18.0,6.0786638259887695,0.0,1.0,2.0,0.5041528344154358,0.416821151971817,0.6016441583633423,high_error,11.075350426253088
multitask,10.0,1,PA2,PA2_Base_6_04_59_PM,114.6464,225,15-20,complete_dynamic,0,1,18.0,6.072025299072266,0.0,1.0,2.0,0.48866310715675354,0.3676120936870575,0.5683866143226624,high_error,11.075350426253088
multitask,10.0,1,PA2,PA2_Base_6_04_59_PM,115.1596,226,15-20,complete_dynamic,0,1,18.0,6.507458209991455,0.0,1.0,2.0,0.4441157877445221,0.36857864260673523,0.49881407618522644,high_error,11.075350426253088
multitask,10.0,1,PA2,PA2_Base_6_04_59_PM,115.6603,227,15-20,complete_dynamic,0,1,18.0,6.750750541687012,0.0,1.0,2.0,0.432795912027359,0.25005587935447693,0.3202528953552246,high_error,11.075350426253088
multitask,10.0,1,PA2,PA2_Base_6_04_59_PM,116.1732,228,15-20,complete_dynamic,0,1,18.0,6.4742584228515625,0.0,2.0,2.0,0.420497864484787,0.23497895896434784,0.2921869158744812,high_error,11.075350426253088
multitask,10.0,1,PA2,PA2_Base_6_04_59_PM,116.6747,229,15-20,complete_dynamic,0,1,18.0,6.410789966583252,0.0,2.0,2.0,0.4293680489063263,0.1860613226890564,0.27280423045158386,high_error,11.075350426253088
multitask,10.0,1,PA2,PA2_Base_6_04_59_PM,117.1872,230,15-20,complete_dynamic,0,1,18.0,6.691474914550781,0.0,2.0,2.0,0.47576409578323364,0.17609615623950958,0.24192124605178833,high_error,11.075350426253088
multitask,10.0,1,PA2,PA2_Base_6_04_59_PM,117.6874,231,15-20,complete_dynamic,0,1,18.0,6.746315956115723,0.0,2.0,2.0,0.50885409116745,0.3225956857204437,0.3864904046058655,high_error,11.075350426253088
multitask,10.0,1,PA2,PA2_Base_6_04_59_PM,118.1883,232,15-20,complete_dynamic,0,1,18.0,6.599239349365234,0.0,2.0,2.0,0.5302363634109497,0.37778812646865845,0.45593512058258057,high_error,11.075350426253088
multitask,10.0,1,PA2,PA2_Base_6_04_59_PM,118.6983,233,15-20,complete_dynamic,1,0,19.0,6.613457202911377,1.0,1.0,1.0,0.5125820636749268,0.27658918499946594,0.38191652297973633,high_error,11.075350426253088
multitask,10.0,1,PA2,PA2_Base_6_04_59_PM,119.2024,234,15-20,complete_dynamic,0,1,19.0,6.595792770385742,0.0,1.0,1.0,0.4923039972782135,0.2661301791667938,0.3962257206439972,high_error,11.075350426253088
multitask,10.0,1,PA2,PA2_Base_6_04_59_PM,119.7157,235,15-20,complete_dynamic,0,1,19.0,6.8359375,0.0,1.0,1.0,0.4656554162502289,0.2940075993537903,0.42608439922332764,high_error,11.075350426253088
multitask,10.0,1,PA2,PA2_Base_6_04_59_PM,120.235,236,15-20,complete_dynamic,0,1,19.0,6.963451862335205,0.0,1.0,1.0,0.43751025199890137,0.3079085052013397,0.391857773065567,high_error,11.075350426253088
multitask,10.0,1,PA2,PA2_Base_6_04_59_PM,120.7438,237,15-20,complete_dynamic,0,1,19.0,7.2396626472473145,0.0,1.0,1.0,0.5040988326072693,0.35580042004585266,0.39505428075790405,high_error,11.075350426253088
multitask,10.0,1,PA2,PA2_Base_6_04_59_PM,121.2573,238,15-20,complete_dynamic,1,0,20.0,7.342836380004883,1.0,0.0,0.0,0.4976392984390259,0.2992091476917267,0.3376869261264801,high_error,11.075350426253088
multitask,10.0,1,PA2,PA2_Base_6_04_59_PM,121.7573,239,15-20,complete_dynamic,0,1,20.0,7.394580364227295,0.0,0.0,0.0,0.46733108162879944,0.2979673743247986,0.36269575357437134,high_error,11.075350426253088
multitask,10.0,1,PA2,PA2_Base_6_04_59_PM,122.2574,240,15-20,complete_dynamic,0,1,20.0,7.360589027404785,0.0,0.0,0.0,0.4445115625858307,0.32619747519493103,0.3902929425239563,high_error,11.075350426253088
multitask,10.0,1,PA2,PA2_Base_6_04_59_PM,122.7575,241,15-20,complete_dynamic,0,1,20.0,7.320432186126709,0.0,0.0,0.0,0.43759456276893616,0.3052559494972229,0.35969972610473633,high_error,11.075350426253088
multitask,10.0,1,PA2,PA2_Base_6_04_59_PM,123.2576,242,15-20,complete_dynamic,0,1,20.0,7.0056867599487305,0.0,0.0,0.0,0.4242677390575409,0.2640118896961212,0.30872172117233276,high_error,11.075350426253088
multitask,10.0,1,PA2,PA2_Base_6_04_59_PM,123.7744,243,15-20,complete_dynamic,0,1,20.0,6.846020698547363,0.0,0.0,0.0,0.41687479615211487,0.20983557403087616,0.25544047355651855,high_error,11.075350426253088
multitask,10.0,1,PA2,PA2_Base_6_04_59_PM,124.2858,244,15-20,complete_dynamic,0,1,20.0,6.856206893920898,0.0,0.0,0.0,0.4313054382801056,0.16021795570850372,0.24372556805610657,high_error,11.075350426253088
multitask,10.0,1,PA2,PA2_Base_6_04_59_PM,124.7866,245,15-20,complete_dynamic,0,1,20.0,7.129225254058838,0.0,0.0,0.0,0.4463661015033722,0.10020826756954193,0.1794498860836029,high_error,11.075350426253088
multitask,10.0,1,PA2,PA2_Base_6_04_59_PM,125.2985,246,15-20,complete_dynamic,0,1,20.0,7.167402267456055,0.0,0.0,0.0,0.4655575752258301,0.11224913597106934,0.18371880054473877,high_error,11.075350426253088
multitask,10.0,1,PA2,PA2_Base_6_04_59_PM,125.7986,247,15-20,complete_dynamic,0,1,20.0,7.189187049865723,0.0,0.0,0.0,0.474418967962265,0.17285947501659393,0.24325287342071533,high_error,11.075350426253088
multitask,10.0,1,PA2,PA2_Base_6_04_59_PM,126.3014,248,15-20,complete_dynamic,0,1,20.0,7.159062385559082,0.0,0.0,0.0,0.4616146385669708,0.1546865850687027,0.2460586428642273,high_error,11.075350426253088
multitask,10.0,1,PA2,PA2_Base_6_04_59_PM,126.8116,249,15-20,complete_dynamic,0,1,20.0,6.83955717086792,0.0,0.0,0.0,0.4118979275226593,0.14489802718162537,0.2814730405807495,high_error,11.075350426253088
multitask,10.0,1,PA2,PA2_Base_6_04_59_PM,127.3169,250,15-20,complete_dynamic,0,1,20.0,6.885095596313477,0.0,0.0,0.0,0.4004180431365967,0.10926036536693573,0.25697851181030273,high_error,11.075350426253088
multitask,10.0,1,PA2,PA2_Base_6_04_59_PM,127.8263,251,15-20,complete_dynamic,0,1,20.0,7.003218650817871,0.0,0.0,0.0,0.42503657937049866,0.11210222542285919,0.2517533600330353,high_error,11.075350426253088
multitask,10.0,1,PA2,PA2_Base_6_04_59_PM,128.3393,252,15-20,complete_dynamic,0,1,20.0,6.973155498504639,0.0,0.0,0.0,0.4417788088321686,0.2038324624300003,0.35111427307128906,high_error,11.075350426253088
multitask,10.0,1,PA2,PA2_Base_6_04_59_PM,128.8404,253,15-20,complete_dynamic,0,1,20.0,6.954904079437256,0.0,0.0,0.0,0.43706265091896057,0.19120222330093384,0.3445218801498413,high_error,11.075350426253088
multitask,10.0,1,PA2,PA2_Base_6_04_59_PM,129.3542,254,15-20,complete_dynamic,0,1,20.0,7.2091240882873535,0.0,0.0,0.0,0.4415273368358612,0.18955270946025848,0.3068661093711853,high_error,11.075350426253088
multitask,10.0,1,PA2,PA2_Base_6_04_59_PM,129.8545,255,15-20,complete_dynamic,0,1,20.0,7.271817684173584,0.0,0.0,0.0,0.4359947144985199,0.16810797154903412,0.27344584465026855,high_error,11.075350426253088
multitask,10.0,1,PA2,PA2_Base_6_04_59_PM,130.367,256,15-20,complete_dynamic,0,1,20.0,7.359549522399902,0.0,0.0,0.0,0.4226721227169037,0.14732755720615387,0.25451597571372986,high_error,11.075350426253088
multitask,10.0,1,PA2,PA2_Base_6_04_59_PM,130.8678,257,15-20,complete_dynamic,0,1,20.0,7.2670392990112305,0.0,0.0,0.0,0.4107934236526489,0.17335845530033112,0.2964319586753845,high_error,11.075350426253088
multitask,10.0,1,PA2,PA2_Base_6_04_59_PM,131.368,258,15-20,complete_dynamic,0,1,20.0,7.247955799102783,0.0,0.0,0.0,0.40090444684028625,0.27585768699645996,0.4101008474826813,high_error,11.075350426253088
multitask,10.0,1,PA2,PA2_Base_6_04_59_PM,131.8811,259,15-20,complete_dynamic,0,1,20.0,7.451847553253174,0.0,0.0,0.0,0.39515992999076843,0.30452629923820496,0.44235795736312866,high_error,11.075350426253088
multitask,10.0,1,PA2,PA2_Base_6_04_59_PM,132.3819,260,15-20,complete_dynamic,0,1,20.0,7.234419822692871,0.0,0.0,0.0,0.4061698615550995,0.2936282157897949,0.41171401739120483,high_error,11.075350426253088
multitask,10.0,1,PA2,PA2_Base_6_04_59_PM,132.8954,261,15-20,complete_dynamic,0,1,20.0,7.177076816558838,0.0,0.0,0.0,0.40997523069381714,0.23974360525608063,0.35234934091567993,high_error,11.075350426253088
multitask,10.0,1,PA2,PA2_Base_6_04_59_PM,133.413,262,15-20,complete_dynamic,0,1,20.0,7.237623691558838,0.0,0.0,0.0,0.4411061704158783,0.1920158565044403,0.2810943126678467,high_error,11.075350426253088
multitask,10.0,1,PA2,PA2_Base_6_04_59_PM,133.9232,263,15-20,complete_dynamic,0,1,20.0,7.286532402038574,0.0,0.0,0.0,0.45440879464149475,0.1613793969154358,0.2321127951145172,high_error,11.075350426253088
multitask,10.0,1,PA2,PA2_Base_6_04_59_PM,134.4239,264,15-20,complete_dynamic,0,1,20.0,7.266949653625488,0.0,0.0,0.0,0.40892288088798523,0.1469486951828003,0.3124390244483948,high_error,11.075350426253088
multitask,10.0,1,PA2,PA2_Base_6_04_59_PM,134.9378,265,15-20,complete_dynamic,0,1,20.0,7.396970748901367,0.0,0.0,0.0,0.42562106251716614,0.12506824731826782,0.2640509009361267,high_error,11.075350426253088
multitask,10.0,1,PA2,PA2_Base_6_04_59_PM,135.451,266,15-20,complete_dynamic,0,1,20.0,7.238699913024902,0.0,0.0,0.0,0.3935617506504059,0.10389791429042816,0.3141082525253296,high_error,11.075350426253088
multitask,10.0,1,PA2,PA2_Base_6_04_59_PM,135.9653,267,15-20,complete_dynamic,0,1,20.0,7.172822952270508,0.0,0.0,0.0,0.38469716906547546,0.15475375950336456,0.38425129652023315,high_error,11.075350426253088
multitask,10.0,1,PA2,PA2_Base_6_04_59_PM,136.4792,268,15-20,complete_dynamic,0,1,20.0,7.292281150817871,0.0,0.0,0.0,0.38863974809646606,0.1769060343503952,0.403886616230011,high_error,11.075350426253088
multitask,10.0,1,PA2,PA2_Base_6_04_59_PM,136.9793,269,15-20,complete_dynamic,0,1,20.0,7.203071117401123,0.0,0.0,0.0,0.3902270793914795,0.20573212206363678,0.4279187321662903,high_error,11.075350426253088
multitask,10.0,1,PA2,PA2_Base_6_04_59_PM,137.48,270,15-20,complete_dynamic,0,1,20.0,7.148442268371582,0.0,0.0,0.0,0.4031887352466583,0.24069993197917938,0.4733116626739502,high_error,11.075350426253088
multitask,10.0,1,PA2,PA2_Base_6_04_59_PM,137.9816,271,15-20,complete_dynamic,0,1,20.0,7.286126136779785,0.0,0.0,0.0,0.42180490493774414,0.20581774413585663,0.412895143032074,high_error,11.075350426253088
multitask,10.0,1,PA2,PA2_Base_6_04_59_PM,138.4924,272,15-20,complete_dynamic,0,1,20.0,7.363110542297363,0.0,0.0,0.0,0.44374871253967285,0.20662365853786469,0.38751500844955444,high_error,11.075350426253088
multitask,10.0,1,PA2,PA2_Base_6_04_59_PM,138.9928,273,15-20,complete_dynamic,0,1,20.0,7.346792697906494,0.0,0.0,0.0,0.4524708092212677,0.1984815150499344,0.378559947013855,high_error,11.075350426253088
multitask,10.0,1,PA2,PA2_Base_6_04_59_PM,139.5076,274,15-20,complete_dynamic,0,1,20.0,7.14331579208374,0.0,0.0,0.0,0.46493539214134216,0.18020759522914886,0.3437056541442871,high_error,11.075350426253088
multitask,10.0,1,PA2,PA2_Base_6_04_59_PM,140.0214,275,15-20,complete_dynamic,0,1,20.0,7.602043151855469,0.0,0.0,0.0,0.46843963861465454,0.2576099932193756,0.32673966884613037,high_error,11.075350426253088
multitask,10.0,1,PA2,PA2_Base_6_04_59_PM,140.5249,276,15-20,complete_dynamic,0,1,20.0,7.78553581237793,0.0,0.0,0.0,0.4565066397190094,0.29361993074417114,0.3444387912750244,high_error,11.075350426253088
multitask,10.0,1,PA2,PA2_Base_6_04_59_PM,141.0352,277,15-20,complete_dynamic,0,1,20.0,7.8679399490356445,0.0,0.0,0.0,0.46438664197921753,0.3390127122402191,0.34580621123313904,high_error,11.075350426253088
multitask,10.0,1,PA2,PA2_Base_6_04_59_PM,141.5524,278,15-20,complete_dynamic,0,1,20.0,7.599225044250488,0.0,0.0,0.0,0.46544787287712097,0.28844648599624634,0.25443363189697266,high_error,11.075350426253088
multitask,10.0,1,PA2,PA2_Base_6_04_59_PM,142.0616,279,15-20,complete_dynamic,0,1,20.0,7.536537170410156,0.0,0.0,0.0,0.4786621034145355,0.18335573375225067,0.17336374521255493,high_error,11.075350426253088
multitask,10.0,1,PA2,PA2_Base_6_04_59_PM,142.5751,280,15-20,complete_dynamic,0,1,20.0,7.7745256423950195,0.0,0.0,0.0,0.5110765099525452,0.08483526110649109,0.06495586037635803,high_error,11.075350426253088
multitask,10.0,1,PA2,PA2_Base_6_04_59_PM,143.0891,281,15-20,complete_dynamic,0,1,20.0,7.804303169250488,0.0,0.0,0.0,0.5458553433418274,0.21283690631389618,0.16102740168571472,high_error,11.075350426253088
multitask,10.0,1,PA2,PA2_Base_6_04_59_PM,143.6031,282,15-20,complete_dynamic,0,1,20.0,7.894232749938965,0.0,0.0,0.0,0.5479493141174316,0.2528191804885864,0.22110480070114136,high_error,11.075350426253088
multitask,10.0,1,PA2,PA2_Base_6_04_59_PM,144.1035,283,15-20,complete_dynamic,0,1,20.0,7.899187088012695,0.0,0.0,0.0,0.5781354904174805,0.34201088547706604,0.3140939176082611,high_error,11.075350426253088
multitask,10.0,1,PA2,PA2_Base_6_04_59_PM,144.6036,284,15-20,complete_dynamic,0,1,20.0,7.801286697387695,0.0,0.0,0.0,0.5643135905265808,0.3288278877735138,0.3392498195171356,high_error,11.075350426253088
multitask,10.0,1,PA2,PA2_Base_6_04_59_PM,145.1039,285,15-20,complete_dynamic,0,1,20.0,7.634462356567383,0.0,0.0,0.0,0.5490494966506958,0.2987331449985504,0.34357309341430664,high_error,11.075350426253088
multitask,10.0,1,PA2,PA2_Base_6_04_59_PM,145.6039,286,15-20,complete_dynamic,0,1,20.0,7.828420639038086,0.0,0.0,0.0,0.5236308574676514,0.2265712469816208,0.2970254123210907,high_error,11.075350426253088
multitask,10.0,1,PA2,PA2_Base_6_04_59_PM,146.1171,287,15-20,complete_dynamic,0,1,20.0,7.954524993896484,0.0,0.0,-1.0,0.4865950644016266,0.15672220289707184,0.22770696878433228,high_error,11.075350426253088
multitask,10.0,1,PA2,PA2_Base_6_04_59_PM,146.6173,288,15-20,complete_dynamic,0,1,20.0,8.063032150268555,0.0,0.0,-1.0,0.49594300985336304,0.17123571038246155,0.22791117429733276,high_error,11.075350426253088
multitask,10.0,1,PA2,PA2_Base_6_04_59_PM,147.1184,289,15-20,complete_dynamic,0,1,20.0,7.8903703689575195,0.0,0.0,-1.0,0.49042508006095886,0.15572217106819153,0.2058335840702057,high_error,11.075350426253088
multitask,10.0,1,PA2,PA2_Base_6_04_59_PM,147.6218,290,15-20,complete_dynamic,0,1,20.0,7.83573579788208,0.0,0.0,-1.0,0.4984939396381378,0.10711328685283661,0.14279049634933472,high_error,11.075350426253088
multitask,10.0,1,PA2,PA2_Base_6_04_59_PM,148.1305,291,15-20,complete_dynamic,0,1,20.0,7.964480400085449,0.0,0.0,-1.0,0.516733705997467,0.057261254638433456,0.06214141845703125,high_error,11.075350426253088
multitask,10.0,1,PA2,PA2_Base_6_04_59_PM,148.6444,292,15-20,complete_dynamic,0,1,20.0,8.017339706420898,0.0,0.0,-1.0,0.5204111337661743,0.012838181108236313,0.005388021469116211,high_error,11.075350426253088
multitask,10.0,1,PA2,PA2_Base_6_04_59_PM,149.1454,293,15-20,complete_dynamic,0,1,20.0,8.019535064697266,0.0,0.0,-1.0,0.5166522860527039,-0.031034324318170547,-0.04046893119812012,high_error,11.075350426253088
multitask,10.0,1,PA2,PA2_Base_6_04_59_PM,149.6456,294,15-20,complete_dynamic,0,1,20.0,8.03140640258789,0.0,0.0,0.0,0.5012984871864319,-0.07101736962795258,-0.024728387594223022,high_error,11.075350426253088
multitask,10.0,1,PA2,PA2_Base_6_04_59_PM,150.1592,295,15-20,complete_dynamic,0,1,20.0,7.920864582061768,0.0,0.0,0.0,0.5118395686149597,-0.005167488008737564,0.08734968304634094,high_error,11.075350426253088
multitask,10.0,1,PA2,PA2_Base_6_04_59_PM,150.6594,296,15-20,complete_dynamic,0,1,20.0,7.977548599243164,0.0,0.0,0.0,0.5098986625671387,-0.0005197860300540924,0.053896427154541016,high_error,11.075350426253088
multitask,10.0,1,PA2,PA2_Base_6_04_59_PM,151.162,297,15-20,complete_dynamic,0,1,20.0,7.817497730255127,0.0,-1.0,0.0,0.49943771958351135,0.010185491293668747,0.07126383483409882,high_error,11.075350426253088
multitask,10.0,1,PA2,PA2_Base_6_04_59_PM,151.6722,298,15-20,complete_dynamic,0,1,20.0,7.66893196105957,0.0,-1.0,0.0,0.4909067749977112,0.02251383289694786,0.09260471165180206,high_error,11.075350426253088
multitask,10.0,1,PA2,PA2_Base_6_04_59_PM,152.1864,299,15-20,complete_dynamic,0,1,20.0,7.707189083099365,0.0,-1.0,0.0,0.4898230731487274,0.030231770128011703,0.09762558341026306,high_error,11.075350426253088
multitask,10.0,1,PA2,PA2_Base_6_04_59_PM,152.7002,300,15-20,complete_dynamic,0,1,20.0,7.833867073059082,0.0,-1.0,0.0,0.4831496775150299,0.017184656113386154,0.07926954329013824,high_error,11.075350426253088
multitask,10.0,1,PA2,PA2_Base_6_04_59_PM,153.2006,301,15-20,complete_dynamic,0,1,20.0,7.1640753746032715,0.0,-1.0,0.0,0.5663678646087646,0.25832656025886536,0.25774437189102173,high_error,11.075350426253088
multitask,10.0,1,PA2,PA2_Base_6_04_59_PM,153.7011,302,15-20,complete_dynamic,0,1,20.0,7.176844120025635,0.0,-1.0,0.0,0.4980444312095642,0.21783779561519623,0.3213135898113251,high_error,11.075350426253088
multitask,10.0,1,PA2,PA2_Base_6_04_59_PM,154.2142,303,15-20,complete_dynamic,0,1,20.0,7.06291389465332,0.0,-1.0,0.0,0.505372166633606,0.260120153427124,0.35276639461517334,high_error,11.075350426253088
multitask,10.0,1,PA2,PA2_Base_6_04_59_PM,154.7143,304,15-20,complete_dynamic,0,1,20.0,7.00425386428833,0.0,0.0,0.0,0.5025244951248169,0.24553154408931732,0.3379470705986023,high_error,11.075350426253088
multitask,10.0,1,PA2,PA2_Base_6_04_59_PM,155.2279,305,15-20,complete_dynamic,0,1,20.0,7.070148468017578,0.0,0.0,0.0,0.49548789858818054,0.21696488559246063,0.3099343776702881,high_error,11.075350426253088
multitask,10.0,1,PA2,PA2_Base_6_04_59_PM,155.7283,306,15-20,complete_dynamic,0,1,20.0,7.0238237380981445,0.0,0.0,0.0,0.4997881352901459,0.20454858243465424,0.30448079109191895,high_error,11.075350426253088
multitask,10.0,1,PA2,PA2_Base_6_04_59_PM,156.2426,307,15-20,complete_dynamic,1,0,19.0,6.905012607574463,1.0,1.0,1.0,0.489073246717453,0.2371622771024704,0.3413727283477783,high_error,11.075350426253088
multitask,10.0,1,PA2,PA2_Base_6_04_59_PM,156.7561,308,15-20,complete_dynamic,0,1,19.0,6.526312828063965,0.0,1.0,1.0,0.48024091124534607,0.22332985699176788,0.31095224618911743,high_error,11.075350426253088
multitask,10.0,1,PA2,PA2_Base_6_04_59_PM,157.2687,309,15-20,complete_dynamic,0,1,19.0,6.479135513305664,0.0,1.0,1.0,0.4975670278072357,0.1590084582567215,0.2235235869884491,high_error,11.075350426253088
multitask,10.0,1,PA2,PA2_Base_6_04_59_PM,157.7834,310,15-20,complete_dynamic,0,1,19.0,6.491396903991699,0.0,1.0,1.0,0.49232012033462524,0.13207536935806274,0.2007351517677307,high_error,11.075350426253088
multitask,10.0,1,PA2,PA2_Base_6_04_59_PM,158.2971,311,15-20,complete_dynamic,0,1,19.0,6.3358588218688965,0.0,1.0,1.0,0.4765489399433136,0.12683695554733276,0.2204056680202484,high_error,11.075350426253088
multitask,10.0,1,PA2,PA2_Base_6_04_59_PM,158.7976,312,15-20,complete_dynamic,0,1,19.0,6.088901519775391,0.0,1.0,1.0,0.47274908423423767,0.12000609934329987,0.23723742365837097,high_error,11.075350426253088
multitask,10.0,1,PA2,PA2_Base_6_04_59_PM,159.3153,313,15-20,complete_dynamic,0,1,19.0,6.710867881774902,0.0,1.0,1.0,0.5105504393577576,0.17717358469963074,0.2389855831861496,high_error,11.075350426253088
multitask,10.0,1,PA2,PA2_Base_6_04_59_PM,159.8256,314,15-20,complete_dynamic,1,0,20.0,6.814087867736816,1.0,0.0,0.0,0.5469537377357483,0.3094345033168793,0.31768369674682617,high_error,11.075350426253088
multitask,10.0,1,PA2,PA2_Base_6_04_59_PM,160.326,315,15-20,complete_dynamic,0,1,20.0,6.674623489379883,0.0,0.0,0.0,0.5097382068634033,0.23705489933490753,0.3120483160018921,high_error,11.075350426253088
multitask,10.0,1,PA2,PA2_Base_6_04_59_PM,160.8401,316,15-20,complete_dynamic,0,1,20.0,6.902297496795654,0.0,0.0,0.0,0.5086814761161804,0.24414347112178802,0.2655262351036072,high_error,11.075350426253088
multitask,10.0,1,PA2,PA2_Base_6_04_59_PM,161.3531,317,15-20,complete_dynamic,0,1,20.0,6.898482322692871,0.0,0.0,0.0,0.5006428956985474,0.22629888355731964,0.2717835009098053,high_error,11.075350426253088
multitask,10.0,1,PA2,PA2_Base_6_04_59_PM,161.8671,318,15-20,complete_dynamic,0,1,20.0,7.0726728439331055,0.0,0.0,0.0,0.49682170152664185,0.23887182772159576,0.2838825583457947,high_error,11.075350426253088
multitask,10.0,1,PA2,PA2_Base_6_04_59_PM,162.3675,319,15-20,complete_dynamic,0,1,20.0,7.400938987731934,0.0,0.0,0.0,0.49483340978622437,0.2908094525337219,0.32070398330688477,high_error,11.075350426253088
multitask,10.0,1,PA2,PA2_Base_6_04_59_PM,162.8819,320,15-20,complete_dynamic,0,1,20.0,7.4251532554626465,0.0,0.0,0.0,0.49510619044303894,0.23345117270946503,0.2891830801963806,high_error,11.075350426253088
multitask,10.0,1,PA2,PA2_Base_6_04_59_PM,163.3944,321,15-20,complete_dynamic,0,1,20.0,7.081277370452881,0.0,0.0,0.0,0.4878256022930145,0.2173335999250412,0.3206980228424072,high_error,11.075350426253088
multitask,10.0,1,PA2,PA2_Base_6_04_59_PM,163.8986,322,15-20,complete_dynamic,0,1,20.0,6.910459995269775,0.0,0.0,0.0,0.48318400979042053,0.19034387171268463,0.30250024795532227,high_error,11.075350426253088
multitask,10.0,1,PA2,PA2_Base_6_04_59_PM,164.4075,323,15-20,complete_dynamic,0,1,20.0,6.9914374351501465,0.0,0.0,0.0,0.4845203757286072,0.16024956107139587,0.2535509467124939,high_error,11.075350426253088
multitask,10.0,1,PA2,PA2_Base_6_04_59_PM,164.9081,324,15-20,complete_dynamic,0,1,20.0,7.194103240966797,0.0,0.0,0.0,0.4827122390270233,0.12114062905311584,0.19027884304523468,high_error,11.075350426253088
multitask,10.0,1,PA2,PA2_Base_6_04_59_PM,165.4223,325,15-20,complete_dynamic,0,1,20.0,7.502202033996582,0.0,0.0,0.0,0.4884698987007141,0.11980168521404266,0.18661239743232727,high_error,11.075350426253088
multitask,10.0,1,PA2,PA2_Base_6_04_59_PM,165.9361,326,15-20,complete_dynamic,0,1,20.0,7.7927656173706055,0.0,0.0,0.0,0.4854457974433899,0.08675269782543182,0.1260039061307907,high_error,11.075350426253088
multitask,10.0,1,PA2,PA2_Base_6_04_59_PM,166.4371,327,15-20,complete_dynamic,0,1,20.0,7.929805755615234,0.0,0.0,0.0,0.49085304141044617,0.06860291957855225,0.11234453320503235,high_error,11.075350426253088
multitask,10.0,1,PA2,PA2_Base_6_04_59_PM,166.9376,328,15-20,complete_dynamic,0,1,20.0,7.901383399963379,0.0,0.0,0.0,0.5031239986419678,0.09761673212051392,0.09824974834918976,high_error,11.075350426253088
multitask,10.0,1,PA2,PA2_Base_6_04_59_PM,167.4539,329,15-20,complete_dynamic,0,1,20.0,7.890106201171875,0.0,0.0,0.0,0.5086855292320251,0.0839882493019104,0.06965984404087067,high_error,11.075350426253088
multitask,10.0,1,PA2,PA2_Base_6_04_59_PM,167.9643,330,15-20,complete_dynamic,0,1,20.0,7.863206386566162,0.0,0.0,0.0,0.51324862241745,0.07681307196617126,0.058681637048721313,high_error,11.075350426253088
multitask,10.0,1,PA2,PA2_Base_6_04_59_PM,168.4646,331,15-20,complete_dynamic,0,1,20.0,7.8429670333862305,0.0,0.0,0.0,0.5170207619667053,0.07862888276576996,0.05974298715591431,high_error,11.075350426253088
multitask,10.0,1,PA2,PA2_Base_6_04_59_PM,168.9651,332,15-20,complete_dynamic,0,1,20.0,7.862677574157715,0.0,0.0,0.0,0.5153194665908813,0.06470640003681183,0.04176302254199982,high_error,11.075350426253088
multitask,10.0,1,PA2,PA2_Base_6_04_59_PM,169.4659,333,15-20,complete_dynamic,0,1,20.0,7.422422409057617,0.0,0.0,0.0,0.4933863580226898,0.06749750673770905,0.11769187450408936,high_error,11.075350426253088
multitask,10.0,1,PA2,PA2_Base_6_04_59_PM,169.9791,334,15-20,complete_dynamic,0,1,20.0,7.25662899017334,0.0,0.0,0.0,0.46278116106987,0.05128103122115135,0.15563072264194489,high_error,11.075350426253088
multitask,10.0,1,PA2,PA2_Base_6_04_59_PM,170.4792,335,15-20,complete_dynamic,0,1,20.0,7.686426162719727,0.0,0.0,0.0,0.4678370952606201,0.025738801807165146,0.13576330244541168,high_error,11.075350426253088
multitask,10.0,1,PA2,PA2_Base_6_04_59_PM,170.9963,336,15-20,complete_dynamic,0,1,20.0,7.798708915710449,0.0,0.0,0.0,0.4825255274772644,0.05296577885746956,0.14463278651237488,high_error,11.075350426253088
multitask,10.0,1,PA2,PA2_Base_6_04_59_PM,171.5058,337,15-20,complete_dynamic,0,1,20.0,7.805730819702148,0.0,0.0,0.0,0.4849304258823395,0.10706223547458649,0.2022041231393814,high_error,11.075350426253088
multitask,10.0,1,PA2,PA2_Base_6_04_59_PM,172.0256,338,15-20,complete_dynamic,0,1,20.0,7.6527204513549805,0.0,0.0,0.0,0.48308929800987244,0.1086798757314682,0.21568888425827026,high_error,11.075350426253088
multitask,10.0,1,PA2,PA2_Base_6_04_59_PM,172.5325,339,15-20,complete_dynamic,0,1,20.0,7.518270015716553,0.0,0.0,0.0,0.485248863697052,0.11988858878612518,0.2243487685918808,high_error,11.075350426253088
multitask,10.0,1,PA2,PA2_Base_6_04_59_PM,173.0327,340,15-20,complete_dynamic,0,1,20.0,7.499593734741211,0.0,0.0,0.0,0.490863174200058,0.11602021753787994,0.20559817552566528,high_error,11.075350426253088
multitask,10.0,1,PA2,PA2_Base_6_04_59_PM,173.5469,341,15-20,complete_dynamic,0,1,20.0,7.44016695022583,0.0,0.0,0.0,0.5039542317390442,0.17617566883563995,0.24919438362121582,high_error,11.075350426253088
multitask,10.0,1,PA2,PA2_Base_6_04_59_PM,174.0472,342,15-20,complete_dynamic,0,1,20.0,7.502114295959473,0.0,0.0,0.0,0.510379433631897,0.19409477710723877,0.2314734309911728,high_error,11.075350426253088
multitask,10.0,1,PA2,PA2_Base_6_04_59_PM,174.5613,343,15-20,complete_dynamic,0,1,20.0,7.632350921630859,0.0,0.0,0.0,0.49834349751472473,0.09594441950321198,0.1587652564048767,high_error,11.075350426253088
multitask,10.0,1,PA2,PA2_Base_6_04_59_PM,175.0747,344,15-20,complete_dynamic,0,1,20.0,7.815589427947998,0.0,0.0,0.0,0.5076135993003845,0.09079620242118835,0.1474909633398056,high_error,11.075350426253088
multitask,10.0,1,PA2,PA2_Base_6_04_59_PM,175.5789,345,15-20,complete_dynamic,0,1,20.0,7.918755531311035,0.0,0.0,0.0,0.5108671188354492,0.14486202597618103,0.18601152300834656,high_error,11.075350426253088
multitask,10.0,1,PA2,PA2_Base_6_04_59_PM,176.0879,346,15-20,complete_dynamic,0,1,20.0,7.885932922363281,0.0,0.0,0.0,0.5344729423522949,0.29686471819877625,0.42482665181159973,high_error,11.075350426253088
multitask,10.0,1,PA2,PA2_Base_6_04_59_PM,176.6024,347,15-20,complete_dynamic,0,1,20.0,7.903179168701172,0.0,0.0,0.0,0.5373889803886414,0.2683534324169159,0.34270426630973816,high_error,11.075350426253088
multitask,10.0,1,PA2,PA2_Base_6_04_59_PM,177.1028,348,15-20,complete_dynamic,0,1,20.0,7.875453948974609,0.0,0.0,0.0,0.5215051770210266,0.22266556322574615,0.29581689834594727,high_error,11.075350426253088
multitask,10.0,1,PA2,PA2_Base_6_04_59_PM,177.603,349,15-20,complete_dynamic,0,1,20.0,7.855869293212891,0.0,0.0,0.0,0.5119519829750061,0.19078058004379272,0.24926236271858215,high_error,11.075350426253088
multitask,10.0,1,PA2,PA2_Base_6_04_59_PM,178.103,350,15-20,complete_dynamic,0,1,20.0,7.969250679016113,0.0,0.0,0.0,0.500763475894928,0.12455414235591888,0.13744518160820007,high_error,11.075350426253088
multitask,10.0,1,PA2,PA2_Base_6_04_59_PM,178.6038,351,15-20,complete_dynamic,0,1,20.0,8.040412902832031,0.0,0.0,0.0,0.48926830291748047,0.07031002640724182,0.10331203788518906,high_error,11.075350426253088
multitask,10.0,1,PA2,PA2_Base_6_04_59_PM,179.1168,352,15-20,complete_dynamic,0,1,20.0,8.175668716430664,0.0,0.0,0.0,0.4764409363269806,0.03218468651175499,0.048956818878650665,high_error,11.075350426253088
multitask,10.0,1,PA2,PA2_Base_6_04_59_PM,179.6299,353,15-20,complete_dynamic,0,1,20.0,8.285421371459961,0.0,0.0,0.0,0.4822486937046051,0.03555309399962425,0.04056985676288605,high_error,11.075350426253088
multitask,10.0,1,PA2,PA2_Base_6_04_59_PM,180.144,354,15-20,complete_dynamic,0,1,20.0,8.45844841003418,0.0,0.0,0.0,0.48916783928871155,0.08831985294818878,0.07283613085746765,high_error,11.075350426253088
multitask,10.0,1,PA2,PA2_Base_6_04_59_PM,180.6585,355,15-20,complete_dynamic,0,1,20.0,8.578855514526367,0.0,0.0,0.0,0.49968221783638,0.21307967603206635,0.15693816542625427,high_error,11.075350426253088
multitask,10.0,1,PA2,PA2_Base_6_04_59_PM,181.171,356,15-20,complete_dynamic,0,1,20.0,8.345754623413086,0.0,0.0,0.0,0.47038546204566956,0.0741576999425888,0.11501429975032806,high_error,11.075350426253088
multitask,10.0,1,PA2,PA2_Base_6_04_59_PM,181.671,357,15-20,complete_dynamic,0,1,20.0,8.501882553100586,0.0,0.0,0.0,0.4786291718482971,-0.020546425133943558,-0.02525903284549713,high_error,11.075350426253088
multitask,10.0,1,PA2,PA2_Base_6_04_59_PM,182.1712,358,15-20,complete_dynamic,0,1,20.0,8.200798034667969,0.0,0.0,0.0,0.4944467842578888,-0.03664824739098549,-0.07026448845863342,high_error,11.075350426253088
multitask,10.0,1,PA2,PA2_Base_6_04_59_PM,182.6766,359,15-20,complete_dynamic,0,1,20.0,8.214612007141113,0.0,0.0,0.0,0.4898308515548706,-0.046772200614213943,-0.0380839928984642,high_error,11.075350426253088
multitask,10.0,1,PA2,PA2_Base_6_04_59_PM,183.1856,360,15-20,complete_dynamic,0,1,20.0,8.361358642578125,0.0,0.0,0.0,0.4854927659034729,-0.03256602957844734,-0.01013287901878357,high_error,11.075350426253088
multitask,10.0,1,PA2,PA2_Base_6_04_59_PM,183.6995,361,15-20,complete_dynamic,0,1,20.0,8.302291870117188,0.0,0.0,0.0,0.47807776927948,-0.010042760521173477,0.037316158413887024,high_error,11.075350426253088
multitask,10.0,1,PA2,PA2_Base_6_04_59_PM,184.2128,362,15-20,complete_dynamic,0,1,20.0,8.33745288848877,0.0,0.0,0.0,0.470388263463974,-0.001652780920267105,0.05830325186252594,high_error,11.075350426253088
multitask,10.0,1,PA2,PA2_Base_6_04_59_PM,184.7132,363,15-20,complete_dynamic,0,1,20.0,8.2846097946167,0.0,0.0,0.0,0.4663882255554199,0.013607006520032883,0.08581630885601044,high_error,11.075350426253088
multitask,10.0,1,PA2,PA2_Base_6_04_59_PM,185.2142,364,15-20,complete_dynamic,0,1,20.0,8.21926498413086,0.0,0.0,0.0,0.457493394613266,0.028671514242887497,0.12632715702056885,high_error,11.075350426253088
multitask,10.0,1,PA2,PA2_Base_6_04_59_PM,185.7272,365,15-20,complete_dynamic,0,1,20.0,8.30032730102539,0.0,0.0,0.0,0.4610396921634674,0.06398026645183563,0.14759668707847595,high_error,11.075350426253088
multitask,10.0,1,PA2,PA2_Base_6_04_59_PM,186.2414,366,15-20,complete_dynamic,0,1,20.0,8.306313514709473,0.0,0.0,0.0,0.4610135555267334,0.13706238567829132,0.22932520508766174,high_error,11.075350426253088
multitask,10.0,1,PA2,PA2_Base_6_04_59_PM,186.7546,367,15-20,complete_dynamic,0,1,20.0,7.838867664337158,0.0,0.0,0.0,0.4955305755138397,0.3241952359676361,0.28508099913597107,high_error,11.075350426253088
multitask,10.0,1,PA2,PA2_Base_6_04_59_PM,187.2594,368,15-20,complete_dynamic,0,1,20.0,7.920634746551514,0.0,0.0,0.0,0.4903348386287689,0.25854021310806274,0.3340396583080292,high_error,11.075350426253088
multitask,10.0,1,PA2,PA2_Base_6_04_59_PM,187.7605,369,15-20,complete_dynamic,0,1,20.0,8.14804458618164,0.0,0.0,0.0,0.4758666753768921,0.2062988430261612,0.2855038642883301,high_error,11.075350426253088
multitask,10.0,1,PA2,PA2_Base_6_04_59_PM,188.2682,370,15-20,complete_dynamic,0,1,20.0,8.190716743469238,0.0,0.0,0.0,0.46256330609321594,0.1785515546798706,0.2775179445743561,high_error,11.075350426253088
multitask,10.0,1,PA2,PA2_Base_6_04_59_PM,188.7689,371,15-20,complete_dynamic,0,1,20.0,8.212800979614258,0.0,0.0,0.0,0.4568646550178528,0.1741267591714859,0.26871925592422485,high_error,11.075350426253088
multitask,10.0,1,PA2,PA2_Base_6_04_59_PM,189.2823,372,15-20,complete_dynamic,0,1,20.0,8.122150421142578,0.0,0.0,0.0,0.449451744556427,0.19634981453418732,0.2931787371635437,high_error,11.075350426253088
multitask,10.0,1,PA2,PA2_Base_6_04_59_PM,189.787,373,15-20,complete_dynamic,0,1,20.0,8.042853355407715,0.0,0.0,0.0,0.4459874927997589,0.21608389914035797,0.31579896807670593,high_error,11.075350426253088
multitask,10.0,1,PA2,PA2_Base_6_04_59_PM,190.2962,374,15-20,complete_dynamic,0,1,20.0,8.02365779876709,0.0,0.0,0.0,0.4465218782424927,0.21698327362537384,0.3182266652584076,high_error,11.075350426253088
multitask,10.0,1,PA2,PA2_Base_6_04_59_PM,190.7965,375,15-20,complete_dynamic,0,1,20.0,8.153935432434082,0.0,0.0,0.0,0.449266642332077,0.19862012565135956,0.2902635335922241,high_error,11.075350426253088
multitask,10.0,1,PA2,PA2_Base_6_04_59_PM,191.3095,376,15-20,complete_dynamic,0,1,20.0,8.206153869628906,0.0,0.0,0.0,0.4601075053215027,0.16824288666248322,0.263665109872818,high_error,11.075350426253088
multitask,10.0,1,PA2,PA2_Base_6_04_59_PM,191.81,377,15-20,complete_dynamic,0,1,20.0,8.357876777648926,0.0,0.0,0.0,0.4724869132041931,0.15206167101860046,0.23237532377243042,high_error,11.075350426253088
multitask,10.0,1,PA2,PA2_Base_6_04_59_PM,192.324,378,15-20,complete_dynamic,0,1,20.0,7.9965009689331055,0.0,0.0,0.0,0.493564248085022,0.17161495983600616,0.23100104928016663,high_error,11.075350426253088
multitask,10.0,1,PA2,PA2_Base_6_04_59_PM,192.8242,379,15-20,complete_dynamic,0,1,20.0,7.822824478149414,0.0,0.0,0.0,0.5014213919639587,0.18225473165512085,0.23487557470798492,high_error,11.075350426253088
multitask,10.0,1,PA2,PA2_Base_6_04_59_PM,193.329,380,15-20,complete_dynamic,0,1,20.0,7.855910778045654,0.0,0.0,0.0,0.49220964312553406,0.20689727365970612,0.2979983389377594,high_error,11.075350426253088
multitask,10.0,1,PA2,PA2_Base_6_04_59_PM,193.8386,381,15-20,complete_dynamic,0,1,20.0,7.746557712554932,0.0,0.0,0.0,0.4929840564727783,0.23449169099330902,0.3312538266181946,high_error,11.075350426253088
multitask,10.0,1,PA2,PA2_Base_6_04_59_PM,194.3397,382,15-20,complete_dynamic,0,1,20.0,7.634146690368652,0.0,0.0,0.0,0.4973553419113159,0.25553736090660095,0.36633408069610596,high_error,11.075350426253088
multitask,10.0,1,PA2,PA2_Base_6_04_59_PM,194.8513,383,15-20,complete_dynamic,0,1,20.0,7.587141990661621,0.0,0.0,0.0,0.5010209083557129,0.27243149280548096,0.4021896719932556,high_error,11.075350426253088
multitask,10.0,1,PA2,PA2_Base_6_04_59_PM,195.3515,384,15-20,complete_dynamic,0,1,20.0,7.902856826782227,0.0,0.0,0.0,0.5296807289123535,0.3115004003047943,0.3114452064037323,high_error,11.075350426253088
multitask,10.0,1,PA2,PA2_Base_6_04_59_PM,195.8654,385,15-20,complete_dynamic,0,1,20.0,8.198532104492188,0.0,0.0,0.0,0.5257930755615234,0.24719621241092682,0.23623618483543396,high_error,11.075350426253088
multitask,10.0,1,PA2,PA2_Base_6_04_59_PM,196.3794,386,15-20,complete_dynamic,0,1,20.0,8.408367156982422,0.0,0.0,0.0,0.5215134620666504,0.17536570131778717,0.154767706990242,high_error,11.075350426253088
multitask,10.0,1,PA2,PA2_Base_6_04_59_PM,196.8796,387,15-20,complete_dynamic,0,1,20.0,8.288538932800293,0.0,0.0,0.0,0.5234415531158447,0.1093321144580841,0.06958743929862976,high_error,11.075350426253088
multitask,10.0,1,PA2,PA2_Base_6_04_59_PM,197.3927,388,15-20,complete_dynamic,0,1,20.0,8.468158721923828,0.0,0.0,0.0,0.5377224087715149,0.06337971985340118,-0.006465822458267212,high_error,11.075350426253088
multitask,10.0,1,PA2,PA2_Base_6_04_59_PM,197.9116,389,15-20,complete_dynamic,0,1,20.0,8.402924537658691,0.0,0.0,0.0,0.5433687567710876,0.05393492057919502,-0.02567991614341736,high_error,11.075350426253088
multitask,10.0,1,PA2,PA2_Base_6_04_59_PM,198.4216,390,15-20,complete_dynamic,0,1,20.0,8.533554077148438,0.0,0.0,0.0,0.5473652482032776,0.0021384358406066895,-0.07500219345092773,high_error,11.075350426253088
multitask,10.0,1,PA2,PA2_Base_6_04_59_PM,198.9347,391,15-20,complete_dynamic,0,1,20.0,8.70906925201416,0.0,0.0,0.0,0.5442922115325928,-0.03596143797039986,-0.13503631949424744,high_error,11.075350426253088
multitask,10.0,1,PA2,PA2_Base_6_04_59_PM,199.4349,392,15-20,complete_dynamic,0,1,20.0,8.91580581665039,0.0,0.0,0.0,0.5514600872993469,-0.043369587510824203,-0.14017122983932495,high_error,11.075350426253088
multitask,10.0,1,PA2,PA2_Base_6_04_59_PM,199.9479,393,15-20,complete_dynamic,0,1,20.0,9.145770072937012,0.0,0.0,0.0,0.5558499097824097,-0.1027313768863678,-0.19271320104599,high_error,11.075350426253088
multitask,10.0,1,PA2,PA2_Base_6_04_59_PM,200.448,394,15-20,complete_dynamic,0,1,20.0,9.51994514465332,0.0,0.0,0.0,0.5821743011474609,-0.13556885719299316,-0.2914953827857971,high_error,11.075350426253088
multitask,10.0,1,PA2,PA2_Base_6_04_59_PM,200.949,395,15-20,complete_dynamic,0,1,20.0,9.624542236328125,0.0,0.0,0.0,0.5963178277015686,-0.16296236217021942,-0.35307371616363525,high_error,11.075350426253088
multitask,10.0,1,PA2,PA2_Base_6_04_59_PM,201.4669,396,15-20,complete_dynamic,0,1,20.0,9.943992614746094,0.0,0.0,0.0,0.5995386242866516,-0.24625980854034424,-0.4573923349380493,high_error,11.075350426253088
multitask,10.0,1,PA2,PA2_Base_6_04_59_PM,201.9765,397,15-20,complete_dynamic,0,1,20.0,10.157629013061523,0.0,0.0,0.0,0.5963600277900696,-0.2138042449951172,-0.438085675239563,high_error,11.075350426253088
multitask,10.0,1,PA2,PA2_Base_6_04_59_PM,202.4892,398,15-20,complete_dynamic,0,1,20.0,10.245656967163086,0.0,0.0,0.0,0.5863032937049866,-0.22309111058712006,-0.40179187059402466,high_error,11.075350426253088
multitask,10.0,1,PA2,PA2_Base_6_04_59_PM,202.9894,399,15-20,complete_dynamic,0,1,20.0,10.515481948852539,0.0,0.0,0.0,0.5843341946601868,-0.2959357798099518,-0.47181010246276855,high_error,11.075350426253088
multitask,10.0,1,PA2,PA2_Base_6_04_59_PM,203.4915,400,15-20,complete_dynamic,0,1,20.0,10.73202133178711,0.0,0.0,0.0,0.5832289457321167,-0.2918890118598938,-0.4626697897911072,high_error,11.075350426253088
multitask,10.0,1,PA2,PA2_Base_6_04_59_PM,204.0043,401,15-20,complete_dynamic,0,1,20.0,10.597946166992188,0.0,0.0,0.0,0.5798804759979248,-0.2659488022327423,-0.42054635286331177,high_error,11.075350426253088
multitask,10.0,1,PA2,PA2_Base_6_04_59_PM,204.5043,402,15-20,complete_dynamic,0,1,20.0,10.412461280822754,0.0,0.0,0.0,0.5733343958854675,-0.23005445301532745,-0.3643697500228882,high_error,11.075350426253088
multitask,10.0,1,PA2,PA2_Base_6_04_59_PM,205.0088,403,15-20,complete_dynamic,0,1,20.0,10.2294921875,0.0,0.0,0.0,0.5614405870437622,-0.20026560127735138,-0.3161502778530121,high_error,11.075350426253088
multitask,10.0,1,PA2,PA2_Base_6_04_59_PM,205.5178,404,15-20,complete_dynamic,0,1,20.0,10.219684600830078,0.0,0.0,0.0,0.5520636439323425,-0.14069145917892456,-0.22784742712974548,high_error,11.075350426253088
multitask,10.0,1,PA2,PA2_Base_6_04_59_PM,206.0179,405,15-20,complete_dynamic,0,1,20.0,10.002445220947266,0.0,0.0,0.0,0.5430080890655518,-0.05180240422487259,-0.11657407879829407,high_error,11.075350426253088
multitask,10.0,1,PA2,PA2_Base_6_04_59_PM,206.5306,406,15-20,complete_dynamic,0,1,20.0,9.787836074829102,0.0,0.0,0.0,0.5333710312843323,-0.0015581659972667694,-0.046776264905929565,high_error,11.075350426253088
multitask,10.0,1,PA2,PA2_Base_6_04_59_PM,207.0308,407,15-20,complete_dynamic,0,1,20.0,9.742077827453613,0.0,0.0,0.0,0.5360146164894104,0.07522611320018768,0.023486196994781494,high_error,11.075350426253088
multitask,10.0,1,PA2,PA2_Base_6_04_59_PM,207.5312,408,15-20,complete_dynamic,0,1,20.0,9.225935935974121,0.0,0.0,0.0,0.5226350426673889,0.10853652656078339,0.10592758655548096,high_error,11.075350426253088
multitask,10.0,1,PA2,PA2_Base_6_04_59_PM,208.0316,409,15-20,complete_dynamic,0,1,20.0,8.716171264648438,0.0,0.0,0.0,0.5073562264442444,0.07803991436958313,-0.00568079948425293,high_error,11.075350426253088
multitask,10.0,1,PA2,PA2_Base_6_04_59_PM,208.5505,410,15-20,complete_dynamic,0,1,20.0,9.156927108764648,0.0,0.0,0.0,0.5587790012359619,0.030309032648801804,-0.06699278950691223,high_error,11.075350426253088
multitask,10.0,1,PA2,PA2_Base_6_04_59_PM,209.0595,411,15-20,complete_dynamic,0,1,20.0,9.276239395141602,0.0,0.0,0.0,0.5638371706008911,0.013316396623849869,-0.11770033836364746,high_error,11.075350426253088
multitask,10.0,1,PA2,PA2_Base_6_04_59_PM,209.56,412,15-20,complete_dynamic,0,1,20.0,9.28084945678711,0.0,0.0,0.0,0.5641029477119446,0.04467460885643959,-0.02912849187850952,high_error,11.075350426253088
multitask,10.0,1,PA2,PA2_Base_6_04_59_PM,210.0618,413,15-20,complete_dynamic,0,1,20.0,8.759252548217773,0.0,0.0,0.0,0.5475004315376282,0.06652961671352386,-0.052624672651290894,high_error,11.075350426253088
multitask,10.0,1,PA2,PA2_Base_6_04_59_PM,210.5734,414,15-20,complete_dynamic,0,1,20.0,9.393580436706543,0.0,0.0,0.0,0.5910536646842957,-0.008839849382638931,-0.1399185061454773,high_error,11.075350426253088
multitask,10.0,1,PA2,PA2_Base_6_04_59_PM,211.074,415,15-20,complete_dynamic,0,1,20.0,9.688992500305176,0.0,0.0,0.0,0.6095497012138367,-0.028705213218927383,-0.21616509556770325,high_error,11.075350426253088
multitask,10.0,1,PA2,PA2_Base_6_04_59_PM,211.5745,416,15-20,complete_dynamic,0,1,20.0,9.807884216308594,0.0,0.0,0.0,0.6219967603683472,-0.046762820333242416,-0.24299266934394836,high_error,11.075350426253088
multitask,10.0,1,PA2,PA2_Base_6_04_59_PM,212.0925,417,15-20,complete_dynamic,0,1,20.0,9.714686393737793,0.0,0.0,0.0,0.6170201897621155,-0.10202513635158539,-0.2417619228363037,high_error,11.075350426253088
multitask,10.0,1,PA2,PA2_Base_6_04_59_PM,212.6018,418,15-20,complete_dynamic,0,1,20.0,9.321187973022461,0.0,0.0,0.0,0.5967233777046204,-0.09260717034339905,-0.1747647523880005,high_error,11.075350426253088
multitask,10.0,1,PA2,PA2_Base_6_04_59_PM,213.1155,419,15-20,complete_dynamic,0,1,20.0,9.029651641845703,0.0,0.0,0.0,0.5957874059677124,-0.06400938332080841,-0.12060269713401794,high_error,11.075350426253088
multitask,10.0,1,PA2,PA2_Base_6_04_59_PM,213.6162,420,15-20,complete_dynamic,0,1,20.0,8.761810302734375,0.0,0.0,0.0,0.5936249494552612,-0.04266446456313133,-0.07722491025924683,high_error,11.075350426253088
multitask,10.0,1,PA2,PA2_Base_6_04_59_PM,214.1285,421,15-20,complete_dynamic,0,1,20.0,8.727046012878418,0.0,0.0,0.0,0.5922722816467285,-0.039887867867946625,-0.07199138402938843,high_error,11.075350426253088
multitask,10.0,1,PA2,PA2_Base_6_04_59_PM,214.629,422,15-20,complete_dynamic,0,1,20.0,8.690850257873535,0.0,0.0,0.0,0.5902070999145508,-0.03875482827425003,-0.06866633892059326,high_error,11.075350426253088
multitask,10.0,1,PA2,PA2_Base_6_04_59_PM,215.143,423,15-20,complete_dynamic,0,1,20.0,8.65646743774414,0.0,0.0,0.0,0.5868672132492065,-0.041074372828006744,-0.06857341527938843,high_error,11.075350426253088
multitask,10.0,1,PA2,PA2_Base_6_04_59_PM,215.656,424,15-20,complete_dynamic,0,1,20.0,8.570211410522461,0.0,0.0,0.0,0.5901576280593872,-0.02871956303715706,-0.08071628212928772,high_error,11.075350426253088
multitask,10.0,1,PA2,PA2_Base_6_04_59_PM,216.1563,425,15-20,complete_dynamic,0,1,20.0,8.375406265258789,0.0,0.0,0.0,0.5907295346260071,0.008293725550174713,-0.05006358027458191,high_error,11.075350426253088
multitask,10.0,1,PA2,PA2_Base_6_04_59_PM,216.6616,426,15-20,complete_dynamic,0,1,20.0,8.464747428894043,0.0,0.0,0.0,0.5936604738235474,0.03206605091691017,-0.051683008670806885,high_error,11.075350426253088
multitask,10.0,1,PA2,PA2_Base_6_04_59_PM,217.1697,427,15-20,complete_dynamic,0,1,20.0,8.493680953979492,0.0,0.0,0.0,0.5944462418556213,0.08918745815753937,-0.0073611438274383545,high_error,11.075350426253088
multitask,10.0,1,PA2,PA2_Base_6_04_59_PM,217.6703,428,15-20,complete_dynamic,0,1,20.0,8.752269744873047,0.0,0.0,0.0,0.5910101532936096,0.13309024274349213,0.02148231863975525,high_error,11.075350426253088
multitask,10.0,1,PA2,PA2_Base_6_04_59_PM,218.1846,429,15-20,complete_dynamic,0,1,20.0,8.369207382202148,0.0,0.0,0.0,0.5742918252944946,0.22333519160747528,0.14664053916931152,high_error,11.075350426253088
multitask,10.0,1,PA2,PA2_Base_6_04_59_PM,218.6993,430,15-20,complete_dynamic,0,1,20.0,8.281837463378906,0.0,0.0,0.0,0.5650550723075867,0.28245973587036133,0.22669710218906403,high_error,11.075350426253088
multitask,10.0,1,PA2,PA2_Base_6_04_59_PM,219.2003,431,15-20,complete_dynamic,0,1,20.0,8.038620948791504,0.0,0.0,0.0,0.5560401678085327,0.3377847969532013,0.30108875036239624,high_error,11.075350426253088
multitask,10.0,1,PA2,PA2_Base_6_04_59_PM,219.7111,432,15-20,complete_dynamic,0,1,20.0,7.983889579772949,0.0,0.0,0.0,0.5329655408859253,0.2891906797885895,0.28515127301216125,high_error,11.075350426253088
multitask,10.0,1,PA2,PA2_Base_6_04_59_PM,220.2119,433,15-20,complete_dynamic,0,1,20.0,7.9912214279174805,0.0,0.0,0.0,0.5133752226829529,0.246536985039711,0.25813260674476624,high_error,11.075350426253088
multitask,10.0,1,PA2,PA2_Base_6_04_59_PM,220.7122,434,15-20,complete_dynamic,0,1,20.0,8.169872283935547,0.0,0.0,0.0,0.4957207441329956,0.19548341631889343,0.219206765294075,high_error,11.075350426253088
multitask,10.0,1,PA2,PA2_Base_6_04_59_PM,221.2255,435,15-20,complete_dynamic,0,1,20.0,8.620716094970703,0.0,0.0,0.0,0.49292096495628357,0.1628451645374298,0.15904588997364044,high_error,11.075350426253088
multitask,10.0,1,PA2,PA2_Base_6_04_59_PM,221.726,436,15-20,complete_dynamic,0,1,20.0,8.729585647583008,0.0,0.0,0.0,0.5435014367103577,0.18696875870227814,0.10326763987541199,high_error,11.075350426253088
multitask,10.0,1,PA2,PA2_Base_6_04_59_PM,222.2392,437,15-20,complete_dynamic,0,1,20.0,8.31166934967041,0.0,0.0,0.0,0.551202654838562,0.17484202980995178,0.08034937083721161,high_error,11.075350426253088
multitask,10.0,1,PA2,PA2_Base_6_04_59_PM,222.74,438,15-20,complete_dynamic,0,1,20.0,8.358867645263672,0.0,0.0,0.0,0.5450437068939209,0.15795837342739105,0.06645691394805908,high_error,11.075350426253088
multitask,10.0,1,PA2,PA2_Base_6_04_59_PM,223.2523,439,15-20,complete_dynamic,0,1,20.0,8.323542594909668,0.0,0.0,0.0,0.5403527617454529,0.14276452362537384,0.05003949999809265,high_error,11.075350426253088
multitask,10.0,1,PA2,PA2_Base_6_04_59_PM,223.7529,440,15-20,complete_dynamic,0,1,20.0,8.593666076660156,0.0,0.0,0.0,0.5140379667282104,0.09482091665267944,0.053161755204200745,high_error,11.075350426253088
multitask,10.0,1,PA2,PA2_Base_6_04_59_PM,224.2666,441,15-20,complete_dynamic,0,1,20.0,8.926067352294922,0.0,0.0,0.0,0.4998324513435364,0.07966245710849762,0.04435618221759796,high_error,11.075350426253088
multitask,10.0,1,PA2,PA2_Base_6_04_59_PM,224.7726,442,15-20,complete_dynamic,0,1,20.0,9.23016357421875,0.0,0.0,0.0,0.48801931738853455,0.070094034075737,0.03649720549583435,high_error,11.075350426253088
multitask,10.0,1,PA2,PA2_Base_6_04_59_PM,225.2802,443,15-20,complete_dynamic,0,1,20.0,9.637287139892578,0.0,0.0,0.0,0.48039090633392334,0.0593549944460392,0.016095489263534546,high_error,11.075350426253088
multitask,10.0,1,PA2,PA2_Base_6_04_59_PM,225.7817,444,15-20,complete_dynamic,0,1,20.0,9.772348403930664,0.0,0.0,0.0,0.4777665436267853,0.0664186030626297,0.026547402143478394,high_error,11.075350426253088
multitask,10.0,1,PA2,PA2_Base_6_04_59_PM,226.2947,445,15-20,complete_dynamic,0,1,20.0,9.081987380981445,0.0,0.0,0.0,0.45618733763694763,0.05771433934569359,0.06005251407623291,high_error,11.075350426253088
multitask,10.0,1,PA2,PA2_Base_6_04_59_PM,226.8085,446,15-20,complete_dynamic,0,1,20.0,8.715042114257812,0.0,0.0,0.0,0.453747421503067,0.044419240206480026,0.03409498929977417,high_error,11.075350426253088
multitask,10.0,1,PA2,PA2_Base_6_04_59_PM,227.3219,447,15-20,complete_dynamic,0,1,20.0,8.639093399047852,0.0,0.0,0.0,0.45390376448631287,0.034129682928323746,0.022252976894378662,high_error,11.075350426253088
multitask,10.0,1,PA2,PA2_Base_6_04_59_PM,227.8225,448,15-20,complete_dynamic,0,1,20.0,8.612875938415527,0.0,0.0,0.0,0.4662226438522339,0.021017592400312424,-0.009970992803573608,high_error,11.075350426253088
multitask,10.0,1,PA2,PA2_Base_6_04_59_PM,228.326,449,15-20,complete_dynamic,0,1,20.0,8.52446174621582,0.0,0.0,0.0,0.47466614842414856,0.018266063183546066,-0.019989758729934692,high_error,11.075350426253088
multitask,10.0,1,PA2,PA2_Base_6_04_59_PM,228.8365,450,15-20,complete_dynamic,0,1,20.0,8.578582763671875,0.0,0.0,0.0,0.467391699552536,0.01723349466919899,0.0035935938358306885,high_error,11.075350426253088
multitask,10.0,1,PA2,PA2_Base_6_04_59_PM,229.3543,451,15-20,complete_dynamic,0,1,20.0,8.83545207977295,0.0,0.0,0.0,0.4570468068122864,0.03171345964074135,0.03771272301673889,high_error,11.075350426253088
multitask,10.0,1,PA2,PA2_Base_6_04_59_PM,229.8642,452,15-20,complete_dynamic,0,1,20.0,8.97344970703125,0.0,0.0,0.0,0.45145276188850403,0.062291692942380905,0.08357548713684082,high_error,11.075350426253088
multitask,10.0,1,PA2,PA2_Base_6_04_59_PM,230.3781,453,15-20,complete_dynamic,0,1,20.0,8.635475158691406,0.0,0.0,0.0,0.4423966109752655,0.07235288619995117,0.14572232961654663,high_error,11.075350426253088
multitask,10.0,1,PA2,PA2_Base_6_04_59_PM,230.8786,454,15-20,complete_dynamic,0,1,20.0,8.361553192138672,0.0,0.0,0.0,0.4483526349067688,0.0931461751461029,0.17868483066558838,high_error,11.075350426253088
multitask,10.0,1,PA2,PA2_Base_6_04_59_PM,231.3791,455,15-20,complete_dynamic,0,1,20.0,8.09164047241211,0.0,0.0,0.0,0.4600413739681244,0.11154280602931976,0.20193734765052795,high_error,11.075350426253088
multitask,10.0,1,PA2,PA2_Base_6_04_59_PM,231.8916,456,15-20,complete_dynamic,0,1,20.0,7.916939735412598,0.0,0.0,0.0,0.4715341627597809,0.12211601436138153,0.21388545632362366,high_error,11.075350426253088
multitask,10.0,1,PA2,PA2_Base_6_04_59_PM,232.4063,457,15-20,complete_dynamic,0,1,20.0,7.76315975189209,0.0,0.0,0.0,0.48098504543304443,0.12484744191169739,0.21563687920570374,high_error,11.075350426253088
multitask,10.0,1,PA2,PA2_Base_6_04_59_PM,232.9195,458,15-20,complete_dynamic,0,1,20.0,7.643911361694336,0.0,0.0,0.0,0.489043265581131,0.11934131383895874,0.20444487035274506,high_error,11.075350426253088
multitask,10.0,1,PA2,PA2_Base_6_04_59_PM,233.4327,459,15-20,complete_dynamic,0,1,20.0,7.750277519226074,0.0,0.0,0.0,0.5023015141487122,0.10508212447166443,0.16802135109901428,high_error,11.075350426253088
multitask,10.0,1,PA2,PA2_Base_6_04_59_PM,233.9377,460,15-20,complete_dynamic,0,1,20.0,7.467198371887207,0.0,0.0,0.0,0.5136517286300659,0.0932340919971466,0.1420857161283493,high_error,11.075350426253088
multitask,10.0,1,PA2,PA2_Base_6_04_59_PM,234.4473,461,15-20,complete_dynamic,0,1,20.0,7.120092391967773,0.0,0.0,0.0,0.5237529277801514,0.08806674182415009,0.12839160859584808,high_error,11.075350426253088
multitask,10.0,1,PA2,PA2_Base_6_04_59_PM,234.9484,462,15-20,complete_dynamic,0,1,20.0,7.0189313888549805,0.0,0.0,0.0,0.525209903717041,0.1109408587217331,0.1263018101453781,high_error,11.075350426253088
multitask,10.0,1,PA2,PA2_Base_6_04_59_PM,235.4617,463,15-20,complete_dynamic,0,1,20.0,6.500162124633789,0.0,0.0,0.0,0.5054366588592529,0.1780942678451538,0.21856805682182312,high_error,11.075350426253088
multitask,10.0,1,PA2,PA2_Base_6_04_59_PM,235.9755,464,15-20,complete_dynamic,0,1,20.0,6.173197269439697,0.0,0.0,0.0,0.49696746468544006,0.19245170056819916,0.24693642556667328,high_error,11.075350426253088
multitask,10.0,1,PA2,PA2_Base_6_04_59_PM,236.4873,465,15-20,complete_dynamic,0,1,20.0,6.063937664031982,0.0,0.0,0.0,0.4926678538322449,0.22041748464107513,0.3040723204612732,high_error,11.075350426253088
multitask,10.0,1,PA2,PA2_Base_6_04_59_PM,236.9882,466,15-20,complete_dynamic,0,1,20.0,6.715787410736084,0.0,0.0,0.0,0.527815043926239,0.28502577543258667,0.30669867992401123,high_error,11.075350426253088
multitask,10.0,1,PA2,PA2_Base_6_04_59_PM,237.5068,467,15-20,complete_dynamic,0,1,20.0,6.524132251739502,0.0,0.0,0.0,0.5273640155792236,0.29745182394981384,0.3230855464935303,high_error,11.075350426253088
multitask,10.0,1,PA2,PA2_Base_6_04_59_PM,238.0182,468,15-20,complete_dynamic,0,1,20.0,6.828124523162842,0.0,0.0,0.0,0.541733980178833,0.2803889811038971,0.27305296063423157,high_error,11.075350426253088
multitask,10.0,1,PA2,PA2_Base_6_04_59_PM,238.5342,469,15-20,complete_dynamic,0,1,20.0,7.199337959289551,0.0,0.0,0.0,0.5545753240585327,0.25607872009277344,0.21878215670585632,high_error,11.075350426253088
